##;##
#2016-03-02 07:45:26
#GS-911 Android V1.1
#F800GS
#BMS-KP2
Time (ms);Injection time( ms);Lambda control factor;Speed( km/h);RPM;Intake air temperature( °C);Engine temperature( °C);Ignition angle( °KW);Throttle valve position (TPS)( %);Engine load( %);Battery voltage( V);Knock sensor 1( V);Knock sensor 2( V);Ignition dwell time( ms);Odometer( km);Front wheel speed( km/h);Rear wheel speed( km/h);Idle actuator position( steps);Fuel pressure( mbar);Ambient air pressure( mbar);Lambda sensor voltage( mV);Gear position;Sidestand switch 1;Sidestand switch 2;Sidestand switch calculated;Clutch switch;Kill switch;Oil pressure switch;Start switch;Tank venting valve (US only);Secondary air valve;Engine over-temperature light;Actuation of starter relay;Lambda sensor heating;Fuel pump;Fan motor;Engine safety cut-out (of BMSK);Starter function (of BMSK);Starter safety cut-out (of BMSK);Engine warning light (MIL)
443;0;1.00;0;0;18.75;18.75;-96.0;0;56.00;12.50;52.80;52.80;3.36;142107.0;0;0;190.0;4428.0;973.76;449.21;0;0;1.0;0;0;0;0;0;0;0;0;0;0;0;0;0;1.0;0;0
934;0;1.00;0;0;18.75;18.75;-96.0;0;56.00;12.50;52.80;52.80;3.36;142107.0;0;0;190.0;4427.0;973.76;449.21;0;0;1.0;0;0;0;0;0;0;0;0;0;0;0;0;0;1.0;0;0
1493;0;1.00;0;0;18.75;18.75;-96.0;0;56.00;12.50;52.80;52.80;3.36;142107.0;0;0;190.0;4424.0;973.87;449.21;0;0;1.0;0;0;0;0;0;0;0;0;0;0;0;0;0;1.0;0;0
2051;0;1.00;0;0;18.75;18.75;-96.0;0;56.00;12.50;52.80;52.80;3.36;142107.0;0;0;190.0;4421.0;973.91;449.21;0;0;1.0;0;0;0;0;1.0;0;0;0;1.0;0;1.0;0;0;1.0;0;0
2545;10.92;1.00;0;591.0;18.75;18.75;19.5;0;20.55;11.07;52.80;52.80;3.70;142107.0;0;0;204.0;4292.0;973.91;449.21;0;0;1.0;0;0;0;0;0;0;1.0;0;0;1.0;1.0;0;0;1.0;0;0
3051;4.18;1.00;0;1778.0;18.75;18.75;-2.25;0;14.25;13.92;38.45;42.77;2.82;142107.0;0;0;178.0;4302.0;973.95;449.21;0;0;1.0;0;0;0;0;0;0;1.0;0;0;1.0;1.0;0;0;1.0;0;0
3642;3.69;1.00;0;1565.0;18.75;18.75;0;0;13.57;14.20;31.79;39.97;2.58;142107.0;0;0;124.0;4342.0;974.03;449.21;0;0;1.0;0;0;0;1.0;0;0;1.0;0;0;1.0;1.0;0;0;1.0;0;0
4132;3.44;1.00;0;1449.0;18.75;18.75;2.25;0;13.97;14.29;24.99;31.03;2.58;142107.0;0;0;106.0;4429.0;974.07;449.21;0;0;1.0;0;0;0;1.0;0;0;1.0;0;0;1.0;1.0;0;0;1.0;0;0
4624;3.14;1.00;0;1408.0;18.75;18.75;2.25;0;13.51;14.20;20.07;28.78;2.58;142107.0;0;0;97.0;4495.0;974.11;449.21;0;0;1.0;0;0;0;1.0;0;0;1.0;0;0;1.0;1.0;0;0;1.0;0;0
5161;3.03;1.00;0;1435.0;18.75;18.75;2.25;0;13.28;14.29;23.29;26.20;2.58;142107.0;0;0;94.0;4507.0;974.15;449.21;0;0;1.0;0;0;0;1.0;0;0;1.0;0;0;1.0;1.0;0;0;1.0;0;0
5765;3.06;1.00;0;1374.0;18.75;18.75;3.75;0;13.50;14.11;98.76;68.97;2.58;142107.0;0;0;94.0;4509.0;974.15;449.21;0;0;1.0;0;0;0;1.0;0;0;1.0;0;0;1.0;1.0;0;0;1.0;0;0
6257;2.89;1.00;0;1412.0;18.75;18.75;3.0;0;13.37;14.39;104.36;123.85;2.31;142107.0;0;0;96.0;4526.0;974.15;449.21;0;0;1.0;0;0;0;1.0;0;0;1.0;0;0;1.0;1.0;0;0;1.0;0;0
6751;2.92;1.00;0;1364.0;18.75;18.75;4.5;0;13.97;14.11;97.90;113.52;2.58;142107.0;0;0;95.0;4522.0;974.19;449.21;0;0;1.0;0;0;0;1.0;0;0;1.0;0;0;1.0;1.0;0;0;1.0;0;0
7241;2.84;1.00;0;1388.0;18.75;18.75;3.75;0;13.59;14.39;89.64;89.93;2.31;142107.0;0;0;96.0;4493.0;974.19;449.21;0;0;1.0;0;0;0;1.0;0;0;1.0;0;0;1.0;1.0;0;0;1.0;0;0
7732;2.80;1.00;0;1402.0;18.75;18.75;3.0;0;13.46;14.39;68.86;80.19;2.31;142107.0;0;0;97.0;4507.0;974.19;449.21;0;0;1.0;0;0;0;1.0;0;0;1.0;0;0;1.0;1.0;0;0;1.0;0;0
8247;2.75;1.00;0;1419.0;18.75;18.75;2.25;0;13.37;14.29;50.17;58.43;2.58;142107.0;0;0;96.0;4509.0;974.19;449.21;0;0;1.0;0;0;0;1.0;0;0;1.0;0;0;1.0;1.0;0;0;1.0;0;0
8807;2.85;1.00;0;1375.0;18.75;18.75;4.5;0;14.00;14.20;34.64;42.71;2.58;142107.0;0;0;97.0;4521.0;974.19;449.21;0;0;1.0;0;0;0;1.0;0;0;1.0;0;0;1.0;1.0;0;0;1.0;0;0
9389;2.69;1.00;0;1421.0;18.75;18.75;2.25;0;13.40;14.29;26.58;31.09;2.58;142107.0;0;0;97.0;4516.0;974.19;449.21;0;0;1.0;0;0;0;1.0;0;0;1.0;0;0;1.0;1.0;0;0;1.0;0;0
9948;2.75;1.00;0;1370.0;18.75;18.75;4.5;0;14.10;14.39;29.25;37.38;2.31;142107.0;0;0;98.0;4505.0;974.19;449.21;0;0;1.0;0;0;0;1.0;0;0;1.0;0;0;1.0;1.0;0;0;1.0;0;0
10550;2.63;1.00;0;1417.0;18.75;18.75;3.0;0;13.52;14.20;45.23;51.53;2.58;142107.0;0;0;97.0;4525.0;974.19;449.21;0;0;1.0;0;0;0;1.0;0;0;1.0;0;0;1.0;1.0;0;0;1.0;0;0
11111;2.71;1.00;0;1370.0;18.75;18.75;4.5;0;14.14;14.20;47.34;44.50;2.58;142107.0;0;0;98.0;4521.0;974.19;449.21;0;0;1.0;0;0;0;1.0;0;0;1.0;0;0;1.0;1.0;0;0;1.0;0;0
11716;2.64;1.00;0;1405.0;18.75;18.75;3.75;0;13.76;14.11;126.32;64.40;2.58;142107.0;0;0;99.0;4501.0;974.19;449.21;0;0;1.0;0;0;0;1.0;0;0;1.0;0;0;1.0;1.0;0;0;1.0;0;0
12298;2.64;1.00;0;1404.0;18.75;18.75;3.0;0;13.67;14.39;117.06;102.43;2.31;142107.0;0;0;100.0;4502.0;974.19;449.21;0;0;1.0;0;0;0;1.0;0;0;1.0;0;0;1.0;1.0;0;0;1.0;0;0
12836;2.63;1.00;0;1369.0;18.75;18.75;4.5;0;14.22;14.39;107.37;101.94;2.31;142107.0;0;0;99.0;4494.0;974.19;449.21;0;0;1.0;0;0;0;1.0;0;0;1.0;0;0;1.0;1.0;0;0;1.0;0;0
13396;2.58;1.00;0;1410.0;18.75;19.5;3.0;0;13.60;14.39;103.62;128.56;2.31;142107.0;0;0;99.0;4522.0;974.19;449.21;0;0;1.0;0;0;0;1.0;0;0;1.0;0;0;1.0;1.0;0;0;1.0;0;0
13889;2.56;1.00;0;1423.0;18.75;19.5;2.25;0;13.50;14.29;167.37;131.49;2.58;142107.0;0;0;98.0;4511.0;974.19;449.21;0;0;1.0;0;0;0;1.0;0;0;1.0;0;0;1.0;1.0;0;0;1.0;0;0
14427;2.56;1.00;0;1440.0;18.75;19.5;2.25;0;13.49;14.29;193.09;185.49;2.58;142107.0;0;0;100.0;4516.0;974.19;449.21;0;0;1.0;0;0;0;1.0;0;0;1.0;0;0;1.0;1.0;0;0;1.0;0;0
14918;2.68;1.00;0;1368.0;18.75;19.5;4.5;0;14.18;14.39;202.46;175.43;2.31;142107.0;0;0;99.0;4512.0;974.19;449.21;0;0;1.0;0;0;0;1.0;0;0;1.0;0;0;1.0;1.0;0;0;1.0;0;0
15411;2.61;1.00;0;1404.0;18.75;19.5;3.0;0;13.63;14.39;210.06;164.38;2.31;142107.0;0;0;99.0;4516.0;974.19;449.21;0;0;1.0;0;0;0;1.0;0;0;1.0;0;0;1.0;1.0;0;0;1.0;0;0
15905;2.57;1.00;0;1383.0;18.75;19.5;3.75;0;13.81;14.29;159.73;135.40;2.58;142107.0;0;0;99.0;4507.0;974.19;449.21;0;0;1.0;0;0;0;1.0;0;0;1.0;0;0;1.0;1.0;0;0;1.0;0;0
16397;2.57;1.00;0;1380.0;18.75;19.5;3.75;0;14.32;14.29;160.94;105.30;2.58;142107.0;0;0;99.0;4508.0;974.19;449.21;0;0;1.0;0;0;0;1.0;0;0;1.0;0;0;1.0;1.0;0;0;1.0;0;0
16889;2.55;1.00;0;1404.0;18.75;20.25;3.0;0;13.55;14.39;146.61;124.73;2.31;142107.0;0;0;98.0;4518.0;974.19;449.21;0;0;1.0;0;0;0;1.0;0;0;1.0;0;0;1.0;1.0;0;0;1.0;0;0
17386;2.52;1.00;0;1383.0;18.75;20.25;4.5;0;13.74;14.39;144.87;149.18;2.31;142107.0;0;0;98.0;4527.0;974.19;449.21;0;0;1.0;0;0;0;1.0;0;0;1.0;0;0;1.0;1.0;0;0;1.0;0;0
17888;2.52;1.00;0;1381.0;18.75;20.25;4.5;0;13.67;14.39;135.18;138.23;2.31;142107.0;0;0;97.0;4510.0;974.19;449.21;0;0;1.0;0;0;0;1.0;0;0;1.0;0;0;1.0;1.0;0;0;1.0;0;0
18370;2.51;1.00;0;1397.0;18.75;20.25;4.5;0;13.67;14.29;113.70;122.62;2.58;142107.0;0;0;97.0;4510.0;974.19;449.21;0;0;1.0;0;0;0;1.0;0;0;1.0;0;0;1.0;1.0;0;0;1.0;0;0
18863;2.44;1.00;0;1427.0;18.75;20.25;3.0;0;13.41;14.39;98.45;105.36;2.31;142107.0;0;0;98.0;4524.0;974.19;449.21;0;0;1.0;0;0;0;1.0;0;0;1.0;0;0;1.0;1.0;0;0;1.0;0;0
19445;2.61;1.00;0;1339.0;18.75;20.25;6.75;0;14.48;14.48;90.28;91.41;2.31;142107.0;0;0;98.0;4512.0;974.19;449.21;0;0;1.0;0;0;0;1.0;0;0;1.0;0;0;1.0;1.0;0;0;1.0;0;0
19986;2.56;1.00;0;1368.0;18.75;21.0;5.25;0;14.08;14.29;99.29;99.09;2.58;142107.0;0;0;98.0;4518.0;974.19;449.21;0;0;1.0;0;0;0;1.0;0;0;1.0;0;0;1.0;1.0;0;0;1.0;0;0
20590;2.48;1.00;0;1389.0;18.75;21.0;4.5;0;13.63;14.29;78.97;78.84;2.58;142107.0;0;0;97.0;4514.0;974.19;449.21;0;0;1.0;0;0;0;1.0;0;0;1.0;0;0;1.0;1.0;0;0;1.0;0;0
21087;2.49;1.00;0;1386.0;18.75;21.0;4.5;0;13.66;14.29;61.59;54.46;2.58;142107.0;0;0;97.0;4509.0;974.19;449.21;0;0;1.0;0;0;0;1.0;0;0;1.0;0;0;1.0;1.0;0;0;1.0;0;0
22078;2.56;1.00;0;1353.0;18.75;21.0;6.0;0;14.23;14.39;44.86;41.81;2.31;142107.0;0;0;97.0;4508.0;974.19;449.21;0;0;1.0;0;0;0;1.0;0;0;1.0;0;0;1.0;1.0;0;0;1.0;0;0
22677;2.52;1.00;0;1382.0;18.75;21.0;4.5;0;13.71;14.39;26.52;24.51;2.31;142107.0;0;0;98.0;4513.0;974.19;449.21;0;0;1.0;0;0;0;1.0;0;0;1.0;0;0;1.0;1.0;0;0;1.0;0;0
23238;2.44;1.00;0;1413.0;18.75;21.75;3.0;0;13.34;14.48;37.00;42.71;2.31;142107.0;0;0;96.0;4505.0;974.19;449.21;0;0;1.0;0;0;0;1.0;0;0;1.0;0;0;1.0;1.0;0;0;1.0;0;0
23734;2.44;1.00;0;1390.0;18.75;21.75;4.5;0;13.54;14.39;45.27;35.48;2.31;142107.0;0;0;96.0;4516.0;974.19;449.21;0;0;1.0;0;0;0;1.0;0;0;1.0;0;0;1.0;1.0;0;0;1.0;0;0
24230;2.48;1.00;0;1382.0;18.75;21.75;4.5;0;13.56;14.39;39.86;27.22;2.31;142107.0;0;0;95.0;4516.0;974.19;468.74;0;0;1.0;0;0;0;1.0;0;0;1.0;0;0;1.0;1.0;0;0;1.0;0;0
24720;2.48;1.00;0;1394.0;18.75;21.75;4.5;0;13.60;14.39;46.61;28.24;2.31;142107.0;0;0;96.0;4519.0;974.19;449.21;0;0;1.0;0;0;0;1.0;0;0;1.0;0;0;1.0;1.0;0;0;1.0;0;0
25281;2.47;1.00;0;1391.0;18.75;21.75;4.5;0;13.58;14.29;33.92;20.54;2.58;142107.0;0;0;96.0;4506.0;974.19;468.74;0;0;1.0;0;0;0;1.0;0;0;1.0;0;0;1.0;1.0;0;0;1.0;0;0
25842;2.43;1.00;0;1412.0;18.75;22.5;3.0;0;13.34;14.39;24.66;14.13;2.31;142107.0;0;0;96.0;4521.0;974.19;468.74;0;0;1.0;0;0;0;1.0;0;0;1.0;0;0;1.0;1.0;0;0;1.0;0;0
26409;2.51;1.00;0;1373.0;18.75;22.5;4.5;0;13.57;14.20;16.99;9.72;2.58;142107.0;0;0;96.0;4513.0;974.19;468.74;0;0;1.0;0;0;0;1.0;0;0;1.0;0;0;1.0;1.0;0;0;1.0;0;0
27033;2.38;1.00;0;1451.0;18.75;22.5;2.25;0;12.88;14.39;18.57;8.90;2.31;142107.0;0;0;94.0;4513.0;974.19;468.74;0;0;1.0;0;0;0;1.0;0;0;1.0;0;0;1.0;1.0;0;0;1.0;0;0
27527;2.52;1.00;0;1364.0;18.75;22.5;5.25;0;13.91;14.39;66.26;16.26;2.31;142107.0;0;0;95.0;4499.0;974.19;468.74;0;0;1.0;0;0;0;1.0;0;0;1.0;0;0;1.0;1.0;0;0;1.0;0;0
28201;2.49;1.00;0;1372.0;18.75;22.5;5.25;0;14.01;14.29;82.10;19.70;2.58;142107.0;0;0;97.0;4517.0;974.19;468.74;0;0;1.0;0;0;0;1.0;0;0;1.0;0;0;1.0;1.0;0;0;1.0;0;0
28718;2.55;1.00;0;1352.0;18.75;23.25;5.25;0;14.05;14.29;60.11;19.21;2.58;142107.0;0;0;96.0;4518.0;974.19;468.74;0;0;1.0;0;0;0;1.0;0;0;1.0;0;0;1.0;1.0;0;0;1.0;0;0
29273;2.42;1.00;0;1425.0;18.75;23.25;3.0;0;13.33;14.39;43.78;13.96;2.31;142107.0;0;0;96.0;4500.0;974.19;468.74;0;0;1.0;0;0;0;1.0;0;0;1.0;0;0;1.0;1.0;0;0;1.0;0;0
29909;2.54;1.00;0;1358.0;18.75;23.25;6.0;0;14.15;14.39;62.35;15.83;2.31;142107.0;0;0;96.0;4511.0;974.19;468.74;0;0;1.0;0;0;0;1.0;0;0;1.0;0;0;1.0;1.0;0;0;1.0;0;0
30405;2.47;1.00;0;1396.0;18.75;23.25;3.75;0;13.38;14.39;43.08;10.89;2.31;142107.0;0;0;95.0;4514.0;974.19;468.74;0;0;1.0;0;0;0;1.0;0;0;1.0;0;0;1.0;1.0;0;0;1.0;0;0
30898;2.44;1.00;0;1419.0;18.75;23.25;3.0;0;13.30;14.29;37.26;12.24;2.58;142107.0;0;0;95.0;4506.0;974.19;488.27;0;0;1.0;0;0;0;1.0;0;0;1.0;0;0;1.0;1.0;0;0;1.0;0;0
31394;2.46;1.00;0;1375.0;18.75;24.0;4.5;0;13.48;14.48;34.93;89.52;2.31;142107.0;0;0;94.0;4518.0;974.19;488.27;0;0;1.0;0;0;0;1.0;0;0;1.0;0;0;1.0;1.0;0;0;1.0;0;0
31887;2.58;1.00;0;1360.0;18.75;24.0;5.25;0;13.90;14.39;35.58;138.48;2.31;142107.0;0;0;95.0;4518.0;974.19;488.27;0;0;1.0;0;0;0;1.0;0;0;1.0;0;0;1.0;1.0;0;0;1.0;0;0
32381;2.43;1.00;0;1411.0;18.75;24.0;3.0;0;13.23;14.39;39.43;122.60;2.31;142107.0;0;0;94.0;4498.0;974.19;488.27;0;0;1.0;0;0;0;1.0;0;0;1.0;0;0;1.0;1.0;0;0;1.0;0;0
32877;2.44;1.00;0;1400.0;18.75;24.75;3.75;0;13.30;14.39;32.90;119.95;2.31;142107.0;0;0;94.0;4510.0;974.19;488.27;0;0;1.0;0;0;0;1.0;0;0;1.0;0;0;1.0;1.0;0;0;1.0;0;0
33649;2.43;1.00;0;1406.0;18.75;24.75;3.75;0;13.30;14.48;33.49;109.28;2.31;142107.0;0;0;94.0;4526.0;974.19;488.27;0;0;1.0;0;0;0;1.0;0;0;1.0;0;0;1.0;1.0;0;0;1.0;0;0
34184;2.4;1.00;0;1436.0;18.75;24.75;3.0;0;13.21;14.29;38.18;107.92;2.58;142107.0;0;0;94.0;4502.0;974.19;488.27;0;0;1.0;0;0;0;1.0;0;0;1.0;0;0;1.0;1.0;0;0;1.0;0;0
34677;2.48;1.00;0;1371.0;18.75;24.75;5.25;0;13.88;14.29;106.34;107.94;2.58;142107.0;0;0;95.0;4508.0;974.19;488.27;0;0;1.0;0;0;0;1.0;0;0;1.0;0;0;1.0;1.0;0;0;1.0;0;0
35240;2.52;1.00;0;1386.0;18.75;24.75;4.5;0;13.51;14.39;108.11;109.27;2.31;142107.0;0;0;95.0;4510.0;974.19;507.80;0;0;1.0;0;0;0;1.0;0;0;1.0;0;0;1.0;1.0;0;0;1.0;0;0
35821;2.41;1.00;0;1432.0;18.75;25.5;3.0;0;13.25;14.29;158.09;149.61;2.58;142107.0;0;0;94.0;4517.0;974.19;488.27;0;0;1.0;0;0;0;1.0;0;0;1.0;0;0;1.0;1.0;0;0;1.0;0;0
36368;2.40;1.00;0;1417.0;18.75;25.5;3.0;0;13.15;14.20;138.76;154.91;2.58;142107.0;0;0;94.0;4516.0;974.19;507.80;0;0;1.0;0;0;0;1.0;0;0;1.0;0;0;1.0;1.0;0;0;1.0;0;0
36927;2.44;1.00;0;1376.0;18.75;25.5;4.5;0;13.43;14.39;121.76;174.98;2.31;142107.0;0;0;95.0;4521.0;974.19;507.80;0;0;1.0;0;0;0;1.0;0;0;1.0;0;0;1.0;1.0;0;0;1.0;0;0
37494;2.40;1.00;0;1419.0;18.75;25.5;3.0;0;13.17;14.39;115.01;166.12;2.31;142107.0;0;0;94.0;4515.0;974.19;507.80;0;0;1.0;0;0;0;1.0;0;0;1.0;0;0;1.0;1.0;0;0;1.0;0;0
37988;2.4;1.00;0;1410.0;18.75;26.25;3.0;0;13.10;14.39;113.41;136.28;2.31;142107.0;0;0;92.0;4519.0;974.19;507.80;0;0;1.0;0;0;0;1.0;0;0;1.0;0;0;1.0;1.0;0;0;1.0;0;0
38528;2.42;1.00;0;1386.0;18.75;26.25;4.5;0;13.36;14.29;82.63;99.31;2.58;142107.0;0;0;92.0;4512.0;974.19;507.80;0;0;1.0;0;0;0;1.0;0;0;1.0;0;0;1.0;1.0;0;0;1.0;0;0
39134;2.47;1.00;0;1362.0;18.75;26.25;5.25;0;13.74;14.29;60.19;68.62;2.58;142107.0;0;0;93.0;4522.0;974.19;507.80;0;0;1.0;0;0;0;1.0;0;0;1.0;0;0;1.0;1.0;0;0;1.0;0;0
39810;2.42;1.00;0;1398.0;18.75;26.25;3.75;0;13.17;14.20;41.57;47.41;2.58;142107.0;0;0;92.0;4513.0;974.19;507.80;0;0;1.0;0;0;0;1.0;0;0;1.0;0;0;1.0;1.0;0;0;1.0;0;0
40420;2.38;1.00;0;1431.0;18.75;26.25;3.0;0;13.06;14.48;28.68;32.73;2.31;142107.0;0;0;92.0;4506.0;974.19;507.80;0;0;1.0;0;0;0;1.0;0;0;1.0;0;0;1.0;1.0;0;0;1.0;0;0
41342;2.48;1.00;0;1350.0;18.75;27.0;5.25;0;13.81;14.39;18.69;24.54;2.31;142107.0;0;0;93.0;4522.0;974.19;527.33;0;0;1.0;0;0;0;1.0;0;0;1.0;0;0;1.0;1.0;0;0;1.0;0;0
41904;2.43;1.00;0;1383.0;18.75;27.0;4.5;0;13.32;14.39;27.61;21.11;2.31;142107.0;0;0;92.0;4515.0;974.19;527.33;0;0;1.0;0;0;0;1.0;0;0;1.0;0;0;1.0;1.0;0;0;1.0;0;0
42404;2.38;1.00;0;1422.0;18.75;27.0;3.0;0;13.06;14.39;21.99;17.69;2.31;142107.0;0;0;92.0;4510.0;974.19;527.33;0;0;1.0;0;0;0;1.0;0;0;1.0;0;0;1.0;1.0;0;0;1.0;0;0
42907;2.39;1.00;0;1415.0;18.75;27.0;3.0;0;13.05;14.48;21.32;15.19;2.31;142107.0;0;0;92.0;4515.0;974.19;527.33;0;0;1.0;0;0;0;1.0;0;0;1.0;0;0;1.0;1.0;0;0;1.0;0;0
43393;2.43;1.00;0;1386.0;18.75;27.0;4.5;0;13.37;14.29;19.11;11.03;2.58;142107.0;0;0;93.0;4526.0;974.19;527.33;0;1.0;0;1.0;0;0;1.0;0;0;1.0;0;0;1.0;1.0;0;0;1.0;0;0
43956;2.39;1.00;0;1388.0;18.75;27.75;4.5;0;13.31;14.39;13.88;7.98;2.31;142107.0;0;0;92.0;4524.0;974.11;527.33;0;1.0;0;1.0;0;0;1.0;0;0;1.0;0;0;1.0;1.0;0;0;1.0;0;0
44452;2.37;1.00;0;1407.0;18.75;27.75;3.0;0;13.03;14.39;9.55;7.83;2.31;142107.0;0;0;90.0;4510.0;973.99;527.33;0;1.0;0;1.0;0;0;1.0;0;0;1.0;0;0;1.0;1.0;0;0;1.0;0;0
44948;2.41;0.99;0;1370.0;18.75;27.75;4.5;0;13.30;14.39;23.82;17.79;2.31;142107.0;0;0;91.0;4515.0;974.03;527.33;0;1.0;0;1.0;1.0;0;1.0;0;0;1.0;0;0;1.0;1.0;0;0;1.0;0;0
45585;2.45;0.98;0;1340.0;18.75;27.75;6.0;0;13.90;14.39;72.61;17.06;2.31;142107.0;0;0;92.0;4533.0;974.07;527.33;1.0;1.0;0;1.0;0;0;1.0;0;0;1.0;0;0;1.0;1.0;0;0;0;0;0
46120;4.63;1.00;0;1764.0;18.75;27.75;8.25;4.70;19.47;14.39;50.19;12.55;2.31;142107.0;0;0;108.0;4579.0;974.11;546.86;1.0;1.0;0;1.0;0;0;1.0;0;0;1.0;0;0;1.0;1.0;0;0;0;0;0
46666;3.72;0.99;0;1937.0;18.75;28.5;8.25;5.09;18.30;14.39;45.50;14.66;2.31;142107.0;0;0;107.0;4555.0;974.15;546.86;1.0;1.0;0;1.0;0;0;1.0;0;0;1.0;0;0;1.0;1.0;0;0;0;0;0
47248;2.12;1.00;5.0;1843.0;18.75;28.5;1.5;0;13.33;14.39;128.33;128.80;2.31;142107.0;5.0;4.0;102.0;4479.0;974.15;546.86;1.0;1.0;0;1.0;0;0;1.0;0;0;1.0;0;0;1.0;1.0;0;0;0;0;0
47930;4.02;1.00;7.0;1967.0;18.75;28.5;8.25;5.49;19.02;14.39;108.70;151.27;2.31;142107.0;7.0;7.0;107.0;4546.0;974.11;546.86;1.0;1.0;0;1.0;0;0;1.0;0;0;1.0;0;0;1.0;1.0;0;0;0;0;0
48492;3.97;0.98;12.0;1669.0;18.75;29.25;8.25;5.09;20.17;14.48;221.62;220.20;2.31;142107.0;12.0;12.0;107.0;4483.0;974.15;546.86;1.0;1.0;0;1.0;0;0;1.0;0;0;1.0;0;0;1.0;1.0;0;0;0;0;0
49169;2.36;0.99;11.0;1409.0;18.75;29.25;3.0;0;13.04;14.39;260.58;222.23;2.31;142107.0;12.0;12.0;91.0;4460.0;974.15;546.86;1.0;1.0;0;1.0;0;0;1.0;0;0;1.0;0;0;1.0;1.0;0;0;0;0;0
49684;2.32;0.98;8.0;1421.0;18.75;29.25;3.0;0;13.05;14.48;190.28;201.17;2.31;142107.0;9.0;9.0;92.0;4503.0;974.11;546.86;1.0;1.0;0;1.0;0;0;1.0;0;0;1.0;0;0;1.0;1.0;0;0;0;0;0
50255;2.26;0.96;7.0;1418.0;18.75;29.25;3.0;0;12.99;14.20;162.88;154.40;2.58;142107.0;8.0;8.0;90.0;4508.0;974.07;546.86;1.0;1.0;0;1.0;0;0;1.0;0;0;1.0;0;0;1.0;1.0;0;0;0;0;0
50813;2.24;0.95;8.0;1395.0;18.75;30.0;3.0;0;12.94;14.48;150.79;126.74;2.31;142107.0;9.0;8.0;89.0;4504.0;974.11;546.86;1.0;1.0;0;1.0;0;0;1.0;0;0;1.0;0;0;1.0;1.0;0;0;0;0;0
51404;2.55;0.94;8.0;1359.0;18.75;30.0;5.25;0;13.58;13.92;104.23;87.63;2.82;142107.0;9.0;7.0;90.0;4527.0;974.15;546.86;1.0;1.0;0;1.0;0;0;1.0;0;0;1.0;0;0;1.0;1.0;0;0;0;0;0
52167;2.25;0.92;7.0;1346.0;18.75;30.0;5.25;0;13.66;14.01;101.02;91.40;2.58;142107.0;8.0;8.0;90.0;4503.0;974.07;546.86;1.0;1.0;0;1.0;0;0;1.0;0;0;1.0;0;0;1.0;1.0;0;0;0;0;0
52777;2.2;0.91;7.0;1394.0;18.75;30.0;3.75;0;13.10;14.39;114.85;185.63;2.31;142107.0;8.0;8.0;91.0;4507.0;974.07;488.27;1.0;1.0;0;1.0;0;0;1.0;0;0;1.0;0;0;1.0;1.0;0;0;0;0;0
53438;2.19;0.91;8.0;1408.0;18.75;30.0;3.75;0;13.15;14.39;122.64;210.90;2.31;142107.0;9.0;9.0;92.0;4517.0;974.11;527.33;1.0;1.0;0;1.0;0;0;1.0;0;0;1.0;0;0;1.0;1.0;0;0;0;0;0
54181;2.24;0.90;10.0;1389.0;18.75;30.75;5.25;0;13.41;14.29;96.77;154.05;2.58;142107.0;10.0;10.0;94.0;4542.0;974.15;566.39;1.0;1.0;0;1.0;0;0;1.0;0;0;1.0;0;0;1.0;1.0;0;0;0;0;0
54788;2.18;0.90;11.0;1592.0;18.75;30.75;9.0;1.17;12.10;14.29;73.90;101.10;2.58;142107.0;12.0;12.0;105.0;4537.0;974.15;175.77;1.0;1.0;0;1.0;0;0;1.0;0;0;1.0;0;0;1.0;1.0;0;0;0;0;0
55328;2.24;0.92;12.0;1674.0;18.75;30.75;8.25;1.17;12.09;14.29;51.03;69.87;2.58;142107.0;13.0;13.0;105.0;4521.0;974.19;195.31;1.0;1.0;0;1.0;0;0;1.0;0;0;1.0;0;0;1.0;1.0;0;0;0;0;0
56027;2.42;0.93;13.0;1599.0;18.75;30.75;9.0;1.56;13.14;14.39;33.41;45.79;2.31;142107.0;14.0;14.0;105.0;4517.0;974.19;214.84;1.0;1.0;0;1.0;0;0;1.0;0;0;1.0;0;0;1.0;1.0;0;0;0;0;0
56731;2.33;0.94;13.0;1710.0;18.75;31.5;7.5;1.56;12.08;14.48;19.66;28.41;2.31;142107.0;14.0;14.0;104.0;4545.0;974.19;234.37;1.0;1.0;0;1.0;0;0;1.0;0;0;1.0;0;0;1.0;1.0;0;0;0;0;0
57364;2.46;0.96;15.0;1762.0;18.75;31.5;7.5;1.96;13.03;14.39;11.54;19.04;2.31;142107.0;15.0;15.0;104.0;4531.0;974.19;234.37;1.0;1.0;0;1.0;0;0;1.0;0;0;1.0;0;0;1.0;1.0;0;0;0;0;0
57991;5.57;1.00;16.0;1880.0;18.75;31.5;7.5;5.88;20.72;14.39;7.12;11.77;2.31;142107.0;16.0;17.0;104.0;4525.0;974.19;703.11;1.0;1.0;0;1.0;0;0;1.0;0;0;1.0;0;0;1.0;1.0;0;0;0;0;0
58604;3.84;0.98;20.0;2246.0;18.75;31.5;9.0;7.05;19.90;14.39;4.14;6.50;2.31;142107.0;20.0;20.0;104.0;4466.0;974.19;683.58;1.0;1.0;0;1.0;0;0;1.0;0;0;1.0;0;0;1.0;1.0;0;0;0;0;0
59291;4.43;0.99;25.0;2714.0;18.75;32.25;12.75;11.76;25.22;14.39;4.12;3.00;2.31;142107.0;24.0;25.0;103.0;4386.0;974.19;664.05;1.0;1.0;0;1.0;0;0;1.0;0;0;1.0;0;0;1.0;1.0;0;0;0;0;0
59897;5.54;1.00;27.0;2082.0;18.75;32.25;8.25;6.27;18.61;14.39;93.70;85.01;2.31;142107.0;28.0;28.0;103.0;4586.0;974.19;644.52;2.0;1.0;0;1.0;0;0;1.0;0;0;1.0;0;0;1.0;1.0;0;0;0;0;0
60610;3.73;0.98;30.0;2328.0;18.75;32.25;9.0;8.23;21.31;14.39;200.86;189.53;2.31;142107.0;30.0;30.0;103.0;4494.0;974.11;624.99;2.0;1.0;0;1.0;0;0;1.0;0;0;1.0;0;0;1.0;1.0;0;0;0;0;0
61289;3.46;0.94;32.0;2575.0;18.75;32.25;11.25;8.23;20.61;14.48;258.12;161.84;2.31;142107.0;33.0;33.0;103.0;4420.0;974.15;624.99;2.0;1.0;0;1.0;0;0;1.0;0;0;1.0;0;0;1.0;1.0;0;0;0;0;0
61949;2.89;0.91;35.0;2740.0;18.75;33.0;15.0;6.27;18.25;14.39;278.61;213.28;2.31;142107.0;35.0;36.0;102.0;4500.0;974.15;624.99;2.0;1.0;0;1.0;0;0;1.0;0;0;1.0;0;0;1.0;1.0;0;0;0;0;0
62604;2.63;0.88;37.0;2897.0;18.75;33.0;15.75;5.88;17.05;14.48;292.67;236.62;2.31;142107.0;37.0;38.0;102.0;4513.0;974.11;605.46;2.0;1.0;0;1.0;0;0;1.0;0;0;1.0;0;0;1.0;1.0;0;0;0;0;0
63182;2.43;0.85;37.0;3016.0;18.75;33.0;18.0;5.49;16.52;14.39;224.16;191.60;2.31;142107.0;38.0;38.0;102.0;4521.0;974.15;605.46;2.0;1.0;0;1.0;0;0;1.0;0;0;1.0;0;0;1.0;1.0;0;0;0;0;0
63743;2.31;0.82;38.0;3025.0;18.75;33.0;18.0;5.49;16.28;14.48;290.37;276.56;2.31;142107.0;39.0;39.0;102.0;4517.0;974.15;585.93;2.0;1.0;0;1.0;0;0;1.0;0;0;1.0;0;0;1.0;1.0;0;0;0;0;0
64350;2.25;0.81;40.0;3097.0;18.75;33.75;19.5;5.49;16.28;14.39;170.57;153.83;2.31;142107.0;40.0;39.0;101.0;4521.0;974.19;468.74;2.0;1.0;0;1.0;0;0;1.0;0;0;1.0;0;0;1.0;1.0;0;0;0;0;0
65003;3.16;1.00;40.0;2212.0;18.75;33.75;10.5;3.13;9.01;14.39;81.88;73.66;2.31;142107.0;39.0;40.0;101.0;4586.0;974.11;644.52;3.0;1.0;0;1.0;0;0;1.0;0;0;1.0;0;0;1.0;1.0;0;0;0;0;0
65807;2.79;0.98;40.0;2425.0;18.75;33.75;11.25;4.31;15.01;14.39;37.04;52.65;2.31;142107.0;39.0;40.0;101.0;4544.0;974.15;624.99;3.0;1.0;0;1.0;0;0;1.0;0;0;1.0;0;0;1.0;1.0;0;0;0;0;0
66392;1.49;1.00;40.0;2402.0;18.75;34.5;11.25;1.17;9.47;14.39;15.83;22.57;2.31;142107.0;40.0;40.0;101.0;4545.0;974.15;644.52;3.0;1.0;0;1.0;0;0;1.0;0;0;1.0;0;0;1.0;1.0;0;0;0;0;0
66881;1.37;1.00;38.0;2362.0;18.75;34.5;4.5;0;12.68;14.39;11.62;15.37;2.31;142107.0;38.0;38.0;86.0;4490.0;974.15;644.52;3.0;1.0;0;1.0;0;0;1.0;0;0;1.0;0;0;1.0;1.0;0;0;0;0;0
67519;2.25;0.99;36.0;2251.0;18.75;34.5;9.75;2.35;9.18;14.39;45.73;14.15;2.31;142107.0;37.0;36.0;94.0;4522.0;974.19;644.52;3.0;1.0;0;1.0;0;0;1.0;0;0;1.0;0;0;1.0;1.0;0;0;0;0;0
68170;3.2;0.98;37.0;2291.0;18.75;34.5;10.5;5.09;16.90;14.48;21.77;8.35;2.31;142107.0;37.0;38.0;101.0;4508.0;974.19;644.52;3.0;1.0;0;1.0;0;0;1.0;0;0;1.0;0;0;1.0;1.0;0;0;0;0;0
68760;2.08;1.00;37.0;2284.0;18.75;35.25;10.5;2.35;12.23;14.48;12.10;4.62;2.31;142107.0;37.0;38.0;100.0;4527.0;974.11;644.52;3.0;1.0;0;1.0;0;0;1.0;0;0;1.0;0;0;1.0;1.0;0;0;0;0;0
69413;1.41;1.00;36.0;2238.0;18.75;35.25;3.75;0;12.67;14.39;8.24;4.23;2.31;142107.0;36.0;37.0;83.0;4517.0;974.15;644.52;3.0;1.0;0;1.0;0;0;1.0;0;0;1.0;0;0;1.0;1.0;0;0;0;0;0
70049;1.50;1.00;35.0;2156.0;18.75;35.25;3.75;0;12.53;14.39;35.68;14.00;2.31;142107.0;35.0;35.0;81.0;4518.0;974.15;644.52;3.0;1.0;0;1.0;0;0;1.0;0;0;1.0;0;0;1.0;1.0;0;0;0;0;0
71034;1.56;1.00;32.0;2037.0;18.75;36.0;3.75;0;12.39;14.29;56.10;20.79;2.58;142107.0;33.0;33.0;81.0;4502.0;974.19;624.99;3.0;1.0;0;1.0;0;0;1.0;0;0;1.0;0;0;1.0;1.0;0;0;0;0;0
71657;1.72;1.00;31.0;1898.0;18.75;36.0;3.75;0;12.61;14.48;45.01;18.92;2.31;142107.0;31.0;31.0;82.0;4516.0;974.19;624.99;3.0;1.0;0;1.0;0;0;1.0;0;0;1.0;0;0;1.0;1.0;0;0;0;0;0
72252;1.75;1.00;30.0;1857.0;18.75;36.0;3.75;0;12.55;14.39;72.02;115.26;2.31;142107.0;30.0;30.0;83.0;4530.0;974.19;624.99;3.0;1.0;0;1.0;0;0;1.0;0;0;1.0;0;0;1.0;1.0;0;0;0;0;0
72883;1.83;0.99;28.0;1784.0;18.75;36.0;3.75;0;12.57;14.39;70.64;92.96;2.31;142107.0;29.0;28.0;79.0;4495.0;974.19;624.99;3.0;1.0;0;1.0;0;0;1.0;0;0;1.0;0;0;1.0;1.0;0;0;0;0;0
73760;1.84;0.98;28.0;1730.0;18.75;36.75;3.75;0;12.45;14.48;57.14;90.63;2.31;142107.0;28.0;28.0;80.0;4494.0;974.19;605.46;3.0;1.0;0;1.0;0;0;1.0;0;0;1.0;0;0;1.0;1.0;0;0;0;0;0
74541;1.91;0.96;26.0;1666.0;18.75;36.75;3.75;0;12.40;14.48;86.92;53.62;2.31;142107.0;27.0;27.0;79.0;4484.0;974.19;488.27;3.0;1.0;0;1.0;0;0;1.0;0;0;1.0;0;0;1.0;1.0;0;0;0;0;0
75255;2.10;0.96;25.0;1423.0;18.75;36.75;3.0;0;12.05;14.48;66.65;36.69;2.31;142107.0;25.0;25.0;79.0;4503.0;974.19;253.90;3.0;1.0;0;1.0;0;0;1.0;0;0;1.0;0;0;1.0;1.0;0;0;0;0;0
75816;2.08;0.96;25.0;1451.0;18.75;36.75;3.0;0;12.02;14.39;85.48;79.19;2.31;142107.0;24.0;25.0;79.0;4499.0;974.19;566.39;3.0;1.0;0;1.0;0;0;1.0;0;0;1.0;0;0;1.0;1.0;0;0;0;0;0
76370;2.08;0.94;23.0;1434.0;18.75;37.5;3.0;0;12.07;14.48;146.04;127.04;2.31;142107.0;23.0;24.0;78.0;4509.0;974.19;624.99;3.0;1.0;0;1.0;0;0;1.0;0;0;1.0;0;0;1.0;1.0;0;0;0;0;0
77010;2.2;0.93;22.0;1508.0;18.75;37.5;39.75;0;18.96;14.48;213.69;156.02;2.31;142107.0;22.0;22.0;86.0;4532.0;974.19;624.99;3.0;1.0;0;1.0;0;0;1.0;0;0;1.0;0;0;1.0;1.0;0;0;0;0;0
77641;1.83;0.92;20.0;1615.0;18.75;37.5;3.75;0;12.52;14.48;152.76;144.30;2.31;142107.0;20.0;21.0;80.0;4515.0;974.19;136.71;2.0;1.0;0;1.0;0;0;1.0;0;0;1.0;0;0;1.0;1.0;0;0;0;0;0
78252;2.04;0.94;17.0;1426.0;18.75;37.5;3.75;0;12.30;14.48;159.46;156.92;2.31;142107.0;18.0;18.0;79.0;4500.0;974.19;97.65;2.0;1.0;0;1.0;0;0;1.0;0;0;1.0;0;0;1.0;1.0;0;0;0;0;0
78750;2.11;0.94;15.0;1394.0;18.75;37.5;3.75;0;12.39;14.20;179.75;145.24;2.58;142107.0;14.0;15.0;79.0;4505.0;974.19;585.93;2.0;1.0;0;1.0;0;0;1.0;0;0;1.0;0;0;1.0;1.0;0;0;0;0;0
79328;2.08;0.92;12.0;1379.0;18.75;37.5;4.5;0;12.50;14.39;144.28;127.82;2.31;142107.0;12.0;12.0;80.0;4512.0;974.19;507.80;1.0;1.0;0;1.0;0;0;1.0;0;0;1.0;0;0;1.0;1.0;0;0;0;0;0
79953;2.10;0.93;7.0;1360.0;18.75;38.25;5.25;0;12.69;14.39;99.72;88.37;2.31;142107.0;8.0;8.0;80.0;4513.0;974.19;39.06;1.0;1.0;0;1.0;0;0;1.0;0;0;1.0;0;0;1.0;1.0;0;0;0;0;0
80449;2.10;0.94;3.0;1399.0;18.75;38.25;3.75;0;12.44;14.39;72.65;69.27;2.31;142107.0;4.0;4.0;82.0;4512.0;974.19;97.65;1.0;1.0;0;1.0;0;0;1.0;0;0;1.0;0;0;1.0;1.0;0;0;0;0;0
80994;2.24;0.96;2.0;1334.0;18.75;38.25;6.0;0;13.15;14.48;63.68;79.48;2.31;142107.0;3.0;3.0;83.0;4514.0;974.19;97.65;1.0;1.0;0;1.0;0;0;1.0;0;0;1.0;0;0;1.0;1.0;0;0;0;0;0
81494;2.28;0.96;0;1319.0;18.75;39.0;6.75;0;13.39;14.39;77.57;167.66;2.31;142107.0;0;0;83.0;4509.0;974.19;742.17;1.0;1.0;0;1.0;0;0;1.0;0;0;1.0;0;0;1.0;1.0;0;0;0;0;0
81993;2.27;0.95;0;1361.0;18.75;39.0;5.25;0;12.91;14.39;94.91;160.00;2.31;142107.0;0;0;84.0;4514.0;974.19;722.64;1.0;1.0;0;1.0;0;0;1.0;0;0;1.0;0;0;1.0;1.0;0;0;0;0;0
82492;2.12;0.94;0;1388.0;18.75;39.0;4.5;0;12.77;14.39;80.26;116.61;2.31;142107.0;0;0;85.0;4527.0;974.19;605.46;1.0;1.0;0;1.0;0;0;1.0;0;0;1.0;0;0;1.0;1.0;0;0;0;0;0
82990;2.16;0.92;0;1397.0;18.75;39.0;3.75;0;12.69;14.29;58.49;84.95;2.58;142107.0;0;0;84.0;4534.0;974.19;117.18;1.0;1.0;0;1.0;0;0;1.0;0;0;1.0;0;0;1.0;1.0;0;0;0;0;0
83489;3.27;0.99;0;1801.0;18.75;39.0;7.5;3.52;15.86;14.39;43.53;58.70;2.31;142107.0;0;0;96.0;4594.0;974.19;664.05;1.0;1.0;0;1.0;0;0;1.0;0;0;1.0;0;0;1.0;1.0;0;0;0;0;0
83987;3.49;0.98;0;1713.0;18.75;39.0;7.5;4.31;17.89;14.39;28.51;40.54;2.31;142107.0;0;0;96.0;4514.0;974.19;644.52;1.0;1.0;0;1.0;0;0;1.0;0;0;1.0;0;0;1.0;1.0;0;0;0;0;0
84487;3.51;0.97;7.0;1697.0;18.75;39.75;7.5;4.31;18.23;14.48;26.58;30.21;2.31;142107.0;8.0;8.0;95.0;4516.0;974.19;703.11;1.0;1.0;0;1.0;0;0;1.0;0;0;1.0;0;0;1.0;1.0;0;0;0;0;0
85761;3.19;0.93;16.0;1880.0;18.75;39.75;7.5;4.70;17.46;14.48;104.32;105.07;2.31;142107.0;17.0;17.0;95.0;4501.0;974.19;683.58;1.0;1.0;0;1.0;0;0;1.0;0;0;1.0;0;0;1.0;1.0;0;0;0;0;0
86257;2.12;0.99;17.0;1465.0;18.75;39.75;4.5;0;12.35;14.48;86.53;96.51;2.31;142107.0;18.0;18.0;79.0;4437.0;974.19;703.11;2.0;1.0;0;1.0;0;0;1.0;0;0;1.0;0;0;1.0;1.0;0;0;0;0;0
86758;2.14;0.98;17.0;1501.0;18.75;39.75;3.75;0;12.45;14.48;98.02;98.86;2.31;142107.0;18.0;18.0;79.0;4493.0;974.19;703.11;2.0;1.0;0;1.0;0;0;1.0;0;0;1.0;0;0;1.0;1.0;0;0;0;0;0
87256;2.04;0.96;18.0;1442.0;18.75;39.75;2.25;0;11.72;14.39;79.19;95.32;2.31;142107.0;19.0;19.0;76.0;4512.0;974.19;683.58;2.0;1.0;0;1.0;0;0;1.0;0;0;1.0;0;0;1.0;1.0;0;0;0;0;0
87758;1.92;0.95;20.0;1520.0;18.75;40.5;4.5;0;12.19;14.39;61.71;77.65;2.31;142107.0;20.0;19.0;75.0;4532.0;974.19;683.58;2.0;1.0;0;1.0;0;0;1.0;0;0;1.0;0;0;1.0;1.0;0;0;0;0;0
88354;1.99;0.94;18.0;1484.0;18.75;40.5;4.5;0;12.09;14.48;113.33;137.21;2.31;142107.0;19.0;19.0;75.0;4512.0;974.19;683.58;2.0;1.0;0;1.0;0;0;1.0;0;0;1.0;0;0;1.0;1.0;0;0;0;0;0
88969;1.90;0.92;18.0;1502.0;18.75;40.5;4.5;0;12.15;14.48;191.08;215.72;2.31;142107.0;19.0;19.0;74.0;4497.0;974.19;644.52;2.0;1.0;0;1.0;0;0;1.0;0;0;1.0;0;0;1.0;1.0;0;0;0;0;0
89503;2.89;1.00;17.0;1793.0;18.75;40.5;7.5;2.35;13.83;14.48;182.03;203.32;2.31;142107.0;18.0;17.0;94.0;4590.0;974.19;624.99;2.0;1.0;0;1.0;0;0;1.0;0;0;1.0;0;0;1.0;1.0;0;0;0;0;0
90004;3.14;0.98;17.0;1514.0;18.75;40.5;9.0;2.74;16.36;14.39;218.46;175.43;2.31;142107.0;18.0;18.0;94.0;4502.0;974.19;664.05;2.0;1.0;0;1.0;0;0;1.0;0;0;1.0;0;0;1.0;1.0;0;0;0;0;0
90503;3.20;0.97;18.0;1540.0;18.75;40.5;9.0;3.13;17.04;14.39;258.30;217.54;2.31;142107.0;19.0;18.0;94.0;4510.0;974.19;664.05;2.0;1.0;0;1.0;0;0;1.0;0;0;1.0;0;0;1.0;1.0;0;0;0;0;0
91003;3.2;0.95;18.0;1527.0;18.75;41.25;9.75;3.13;17.62;14.39;221.47;172.97;2.31;142107.0;18.0;19.0;93.0;4524.0;974.19;664.05;2.0;1.0;0;1.0;0;0;1.0;0;0;1.0;0;0;1.0;1.0;0;0;0;0;0
91503;3.10;0.94;18.0;1527.0;18.75;41.25;9.0;3.13;17.19;14.39;161.43;119.58;2.31;142107.0;18.0;19.0;93.0;4514.0;974.19;664.05;2.0;1.0;0;1.0;0;0;1.0;0;0;1.0;0;0;1.0;1.0;0;0;0;0;0
92003;3.08;0.92;18.0;1533.0;18.75;41.25;9.0;3.13;17.32;14.39;111.59;87.12;2.31;142107.0;19.0;19.0;93.0;4505.0;974.19;644.52;2.0;1.0;0;1.0;0;0;1.0;0;0;1.0;0;0;1.0;1.0;0;0;0;0;0
92505;3.15;0.91;20.0;1610.0;18.75;41.25;8.25;3.92;17.84;14.48;81.28;63.47;2.31;142107.0;20.0;20.0;93.0;4523.0;974.19;566.39;2.0;1.0;0;1.0;0;0;1.0;0;0;1.0;0;0;1.0;1.0;0;0;0;0;0
93003;3.12;0.89;20.0;1611.0;18.75;41.25;8.25;3.92;18.03;14.48;56.16;43.84;2.31;142107.0;20.0;20.0;93.0;4532.0;974.19;527.33;2.0;1.0;0;1.0;0;0;1.0;0;0;1.0;0;0;1.0;1.0;0;0;0;0;0
93504;3.01;0.88;21.0;1654.0;18.75;41.25;8.25;3.92;17.38;14.39;40.91;30.25;2.31;142107.0;21.0;21.0;93.0;4531.0;974.19;312.49;2.0;1.0;0;1.0;0;0;1.0;0;0;1.0;0;0;1.0;1.0;0;0;0;0;0
94003;5.60;1.00;22.0;1905.0;18.75;41.25;6.0;11.76;31.97;14.48;26.77;20.87;2.31;142107.0;22.0;23.0;93.0;4529.0;974.19;703.11;2.0;1.0;0;1.0;0;0;1.0;0;0;1.0;0;0;1.0;1.0;0;0;0;0;0
94504;6.21;1.00;26.0;2088.0;18.75;42.0;8.25;17.64;35.65;14.39;17.51;12.92;2.31;142107.0;26.0;27.0;92.0;4455.0;974.19;683.58;2.0;1.0;0;1.0;0;0;1.0;0;0;1.0;0;0;1.0;1.0;0;0;0;0;0
95006;5.24;0.98;30.0;2359.0;18.75;42.0;9.75;17.64;32.31;14.39;10.81;9.99;2.31;142107.0;29.0;30.0;92.0;4424.0;974.19;683.58;2.0;1.0;0;1.0;0;0;1.0;0;0;1.0;0;0;1.0;1.0;0;0;0;0;0
95505;4.52;0.95;33.0;2598.0;18.75;42.0;10.5;17.25;29.89;14.39;6.32;5.80;2.31;142107.0;33.0;34.0;92.0;4404.0;974.19;624.99;2.0;1.0;0;1.0;0;0;1.0;0;0;1.0;0;0;1.0;1.0;0;0;0;0;0
96006;3.77;1.00;36.0;2798.0;18.75;42.0;14.25;12.15;25.34;14.29;3.45;3.18;2.58;142107.0;35.0;37.0;92.0;4505.0;974.19;703.11;2.0;1.0;0;1.0;0;0;1.0;0;0;1.0;0;0;1.0;1.0;0;0;0;0;0
96506;3.52;0.98;37.0;2960.0;18.75;42.0;15.75;10.19;22.67;14.39;3.63;1.60;2.31;142107.0;37.0;38.0;92.0;4525.0;974.19;703.11;2.0;1.0;0;1.0;0;0;1.0;0;0;1.0;0;0;1.0;1.0;0;0;0;0;0
97008;3.64;0.94;38.0;3044.0;18.75;42.0;15.75;10.98;23.48;14.39;1.81;0.70;2.31;142107.0;39.0;39.0;92.0;4502.0;974.19;683.58;2.0;1.0;0;1.0;0;0;1.0;0;0;1.0;0;0;1.0;1.0;0;0;0;0;0
97507;4.60;1.00;38.0;2460.0;18.75;42.75;10.5;6.66;18.82;14.39;26.15;67.33;2.31;142107.0;39.0;39.0;91.0;4601.0;974.19;683.58;3.0;1.0;0;1.0;0;0;1.0;0;0;1.0;0;0;1.0;1.0;0;0;0;0;0
98008;3.63;0.98;40.0;2418.0;18.75;42.75;10.5;7.84;21.23;14.48;67.43;169.59;2.31;142107.0;39.0;40.0;91.0;4516.0;974.19;683.58;3.0;1.0;0;1.0;0;0;1.0;0;0;1.0;0;0;1.0;1.0;0;0;0;0;0
98528;3.16;0.96;40.0;2451.0;18.75;42.75;11.25;7.45;19.98;14.48;108.13;165.12;2.31;142107.0;39.0;40.0;91.0;4491.0;974.19;683.58;3.0;1.0;0;1.0;0;0;1.0;0;0;1.0;0;0;1.0;1.0;0;0;0;0;0
99057;2.22;1.00;40.0;2475.0;18.75;42.75;12.0;3.52;15.82;14.29;191.47;227.54;2.58;142107.0;40.0;40.0;91.0;4556.0;974.19;683.58;3.0;1.0;0;1.0;0;0;1.0;0;0;1.0;0;0;1.0;1.0;0;0;0;0;0
99559;3.40;0.98;40.0;2458.0;18.75;42.75;12.0;7.05;18.41;14.39;208.13;284.02;2.31;142107.0;39.0;40.0;91.0;4545.0;974.19;703.11;3.0;1.0;0;1.0;0;0;1.0;0;0;1.0;0;0;1.0;1.0;0;0;0;0;0
100059;3.92;0.98;40.0;2513.0;18.75;43.5;10.5;10.58;23.11;14.48;255.35;278.38;2.31;142107.0;40.0;40.0;91.0;4457.0;974.19;683.58;3.0;1.0;0;1.0;0;0;1.0;0;0;1.0;0;0;1.0;1.0;0;0;0;0;0
100560;3.27;0.95;41.0;2590.0;18.75;43.5;12.75;7.84;20.22;14.39;281.79;303.84;2.31;142107.0;41.0;42.0;91.0;4480.0;974.19;683.58;3.0;1.0;0;1.0;0;0;1.0;0;0;1.0;0;0;1.0;1.0;0;0;0;0;0
101062;2.50;0.93;41.0;2565.0;18.75;43.5;13.5;5.49;16.42;14.29;317.75;303.51;2.58;142107.0;42.0;42.0;91.0;4536.0;974.19;664.05;3.0;1.0;0;1.0;0;0;1.0;0;0;1.0;0;0;1.0;1.0;0;0;0;0;0
101562;2.43;0.90;42.0;2560.0;18.75;44.25;14.25;4.31;15.30;14.39;328.78;329.74;2.31;142107.0;41.0;42.0;90.0;4533.0;974.19;644.52;3.0;1.0;0;1.0;0;0;1.0;0;0;1.0;0;0;1.0;1.0;0;0;0;0;0
102062;2.34;0.88;41.0;2524.0;18.75;44.25;14.25;4.31;15.04;14.48;333.29;339.17;2.31;142107.0;41.0;41.0;90.0;4529.0;974.19;644.52;3.0;1.0;0;1.0;0;0;1.0;0;0;1.0;0;0;1.0;1.0;0;0;0;0;0
102563;2.28;0.86;41.0;2479.0;18.75;44.25;13.5;3.92;15.03;14.48;321.97;310.31;2.31;142107.0;40.0;41.0;90.0;4518.0;974.19;624.99;3.0;1.0;0;1.0;0;0;1.0;0;0;1.0;0;0;1.0;1.0;0;0;0;0;0
103064;2.24;0.84;40.0;2487.0;18.75;44.25;13.5;3.92;14.98;14.48;328.82;308.41;2.31;142107.0;40.0;41.0;90.0;4534.0;974.19;410.15;3.0;1.0;0;1.0;0;0;1.0;0;0;1.0;0;0;1.0;1.0;0;0;0;0;0
103648;2.27;0.85;40.0;2473.0;18.75;44.25;12.75;3.92;14.88;14.48;290.21;311.21;2.31;142107.0;39.0;40.0;90.0;4535.0;974.19;0;3.0;1.0;0;1.0;0;0;1.0;0;0;1.0;0;0;1.0;1.0;0;0;0;0;0
104197;2.32;0.88;38.0;2397.0;18.75;45.0;12.0;3.92;14.48;14.39;195.67;180.57;2.31;142107.0;39.0;39.0;89.0;4518.0;974.19;0;3.0;1.0;0;1.0;0;0;1.0;0;0;1.0;0;0;1.0;1.0;0;0;0;0;0
104683;1.63;1.00;38.0;2346.0;18.75;45.0;12.0;1.56;9.91;14.29;115.50;119.46;2.58;142107.0;38.0;39.0;89.0;4570.0;974.19;742.17;3.0;1.0;0;1.0;0;0;1.0;0;0;1.0;0;0;1.0;1.0;0;0;0;0;0
105184;1.79;0.98;37.0;2336.0;18.75;45.0;12.0;1.56;9.59;14.39;68.14;75.58;2.31;142107.0;37.0;38.0;89.0;4515.0;974.19;742.17;3.0;1.0;0;1.0;0;0;1.0;0;0;1.0;0;0;1.0;1.0;0;0;0;0;0
105686;1.92;0.97;36.0;2226.0;18.75;45.0;11.25;1.56;10.54;14.48;43.33;46.96;2.31;142107.0;36.0;36.0;89.0;4529.0;974.19;722.64;3.0;1.0;0;1.0;0;0;1.0;0;0;1.0;0;0;1.0;1.0;0;0;0;0;0
106208;1.97;0.96;35.0;2189.0;18.75;45.0;11.25;1.56;11.02;14.39;29.13;29.17;2.31;142107.0;35.0;35.0;89.0;4517.0;974.19;683.58;3.0;1.0;0;1.0;0;0;1.0;0;0;1.0;0;0;1.0;1.0;0;0;0;0;0
106733;2.10;0.94;35.0;2153.0;18.75;45.75;11.25;1.96;11.78;14.48;18.08;20.01;2.31;142107.0;34.0;35.0;88.0;4522.0;974.11;507.80;3.0;1.0;0;1.0;0;0;1.0;0;0;1.0;0;0;1.0;1.0;0;0;0;0;0
107235;2.14;0.92;33.0;2095.0;18.75;45.75;10.5;2.35;12.35;14.39;11.19;12.38;2.31;142107.0;34.0;34.0;88.0;4517.0;974.11;683.58;3.0;1.0;0;1.0;0;0;1.0;0;0;1.0;0;0;1.0;1.0;0;0;0;0;0
107736;2.15;0.92;33.0;2051.0;18.75;45.75;10.5;2.35;12.45;14.48;7.26;8.06;2.31;142107.0;34.0;34.0;88.0;4514.0;974.15;0;3.0;1.0;0;1.0;0;0;1.0;0;0;1.0;0;0;1.0;1.0;0;0;0;0;0
108238;2.14;0.94;33.0;2051.0;18.75;45.75;9.75;2.35;12.04;14.39;4.43;4.92;2.31;142107.0;33.0;33.0;88.0;4514.0;974.15;0;3.0;1.0;0;1.0;0;0;1.0;0;0;1.0;0;0;1.0;1.0;0;0;0;0;0
108739;2.34;0.95;32.0;2018.0;18.75;45.75;9.75;2.35;12.91;14.48;2.69;3.18;2.31;142107.0;33.0;33.0;88.0;4507.0;974.15;0;3.0;1.0;0;1.0;0;0;1.0;0;0;1.0;0;0;1.0;1.0;0;0;0;0;0
109284;2.33;0.97;32.0;2055.0;18.75;45.75;9.75;2.35;12.67;14.39;1.50;1.79;2.31;142107.0;33.0;33.0;88.0;4502.0;974.19;546.86;3.0;1.0;0;1.0;0;0;1.0;0;0;1.0;0;0;1.0;1.0;0;0;0;0;0
109786;1.75;0.99;32.0;1984.0;18.75;46.5;9.75;1.17;9.54;14.39;0.93;1.05;2.31;142107.0;33.0;33.0;87.0;4513.0;974.19;761.70;3.0;1.0;0;1.0;0;0;1.0;0;0;1.0;0;0;1.0;1.0;0;0;0;0;0
110287;1.80;0.98;32.0;1972.0;18.75;46.5;9.75;0.39;10.88;14.29;16.48;5.07;2.58;142107.0;32.0;32.0;87.0;4517.0;974.11;781.24;3.0;1.0;0;1.0;0;0;1.0;0;0;1.0;0;0;1.0;1.0;0;0;0;0;0
110788;1.67;1.00;31.0;1896.0;18.75;46.5;3.0;0;11.61;14.39;111.67;40.46;2.31;142107.0;31.0;31.0;73.0;4501.0;974.11;781.24;3.0;1.0;0;1.0;0;0;1.0;0;0;1.0;0;0;1.0;1.0;0;0;0;0;0
111290;1.68;1.00;30.0;1864.0;18.75;46.5;3.75;0;11.60;14.39;97.90;72.06;2.31;142107.0;30.0;30.0;71.0;4517.0;974.15;761.70;3.0;1.0;0;1.0;0;0;1.0;0;0;1.0;0;0;1.0;1.0;0;0;0;0;0
111789;3.04;0.99;31.0;1916.0;18.75;46.5;8.25;3.92;15.65;14.48;148.91;109.09;2.31;142107.0;30.0;31.0;87.0;4533.0;974.07;742.17;3.0;1.0;0;1.0;0;0;1.0;0;0;1.0;0;0;1.0;1.0;0;0;0;0;0
112290;2.87;0.97;32.0;1973.0;18.75;46.5;9.75;3.52;15.65;14.48;186.53;167.58;2.31;142107.0;30.0;33.0;87.0;4509.0;974.11;644.52;3.0;1.0;0;1.0;0;0;1.0;0;0;1.0;0;0;1.0;1.0;0;0;0;0;0
112792;1.66;0.99;33.0;1947.0;18.75;46.5;9.0;1.17;9.85;14.39;229.90;216.50;2.31;142107.0;34.0;32.0;87.0;4498.0;974.15;703.11;3.0;1.0;0;1.0;0;0;1.0;0;0;1.0;0;0;1.0;1.0;0;0;0;0;0
113295;1.83;0.99;32.0;1975.0;18.75;47.25;10.5;0.39;11.01;14.48;260.19;234.00;2.31;142107.0;32.0;32.0;86.0;4494.0;973.95;722.64;3.0;1.0;0;1.0;0;0;1.0;0;0;1.0;0;0;1.0;1.0;0;0;0;0;0
113796;1.54;1.00;31.0;1961.0;18.75;47.25;3.75;0;11.62;14.48;191.06;166.47;2.31;142107.0;31.0;31.0;70.0;4517.0;973.95;742.17;3.0;1.0;0;1.0;0;0;1.0;0;0;1.0;0;0;1.0;1.0;0;0;0;0;0
114296;1.57;1.00;30.0;1879.0;18.75;47.25;3.75;0;11.51;14.29;159.07;150.73;2.58;142107.0;30.0;30.0;69.0;4510.0;974.03;742.17;3.0;1.0;0;1.0;0;0;1.0;0;0;1.0;0;0;1.0;1.0;0;0;0;0;0
114799;1.76;0.99;28.0;1727.0;18.75;47.25;4.5;0;11.71;14.39;126.55;124.36;2.31;142107.0;29.0;28.0;69.0;4510.0;973.99;722.64;3.0;1.0;0;1.0;0;0;1.0;0;0;1.0;0;0;1.0;1.0;0;0;0;0;0
115298;2.09;0.98;27.0;1501.0;18.75;47.25;3.0;0;11.43;14.39;100.09;123.48;2.31;142107.0;27.0;27.0;68.0;4444.0;974.03;722.64;3.0;1.0;0;1.0;0;0;1.0;0;0;1.0;0;0;1.0;1.0;0;0;0;0;0
115797;2.05;0.96;26.0;1421.0;18.75;47.25;3.0;0;11.33;14.39;72.94;96.61;2.31;142107.0;25.0;26.0;68.0;4491.0;974.07;722.64;2.0;1.0;0;1.0;0;0;1.0;0;0;1.0;0;0;1.0;1.0;0;0;0;0;0
116299;1.68;1.00;23.0;1806.0;18.75;47.25;3.75;0;11.43;14.39;56.83;114.79;2.31;142107.0;23.0;23.0;68.0;4570.0;974.11;722.64;2.0;1.0;0;1.0;0;0;1.0;0;0;1.0;0;0;1.0;1.0;0;0;0;0;0
116800;1.92;0.98;20.0;1556.0;18.75;47.25;3.75;0;11.48;14.39;42.24;110.87;2.31;142107.0;20.0;20.0;68.0;4460.0;974.15;703.11;2.0;1.0;0;1.0;0;0;1.0;0;0;1.0;0;0;1.0;1.0;0;0;1.0;0;0
117301;2.12;0.97;17.0;1354.0;18.75;48.0;4.5;0;11.79;14.48;36.98;112.23;2.31;142107.0;17.0;17.0;67.0;4471.0;974.07;722.64;0;1.0;0;1.0;0;0;1.0;0;0;1.0;0;0;1.0;1.0;0;0;1.0;0;0
117804;1.93;0.95;16.0;1416.0;18.75;48.0;3.0;0;11.25;14.48;39.41;119.58;2.31;142107.0;16.0;16.0;67.0;4507.0;974.11;722.64;0;1.0;0;1.0;0;0;1.0;0;0;1.0;0;0;1.0;1.0;0;0;1.0;0;0
118316;1.96;0.94;13.0;1381.0;18.75;48.0;3.75;0;11.41;14.48;120.53;107.02;2.31;142107.0;13.0;14.0;67.0;4508.0;974.15;703.11;0;1.0;0;1.0;0;0;1.0;0;0;1.0;0;0;1.0;1.0;0;0;1.0;0;0
119008;1.95;0.92;8.0;1364.0;18.75;48.0;4.5;0;11.77;14.39;149.85;99.68;2.31;142107.0;9.0;9.0;67.0;4526.0;974.07;683.58;0;1.0;0;1.0;0;0;1.0;0;0;1.0;0;0;1.0;1.0;0;0;1.0;0;0
119535;1.92;0.90;2.0;1363.0;18.75;48.0;4.5;0;11.79;14.29;133.05;129.97;2.58;142107.0;3.0;3.0;67.0;4514.0;973.91;683.58;0;1.0;0;1.0;0;0;1.0;0;0;1.0;0;0;1.0;1.0;0;0;1.0;0;0
120036;1.96;0.89;0;1370.0;18.75;48.0;4.5;0;11.79;14.39;126.06;132.80;2.31;142107.0;0;0;68.0;4502.0;973.91;566.39;0;1.0;0;1.0;0;0;1.0;0;0;1.0;0;0;0;1.0;0;0;1.0;0;0
120537;1.88;0.89;0;1359.0;18.75;48.0;4.5;0;11.83;14.48;91.84;110.24;2.31;142107.0;0;0;68.0;4522.0;973.91;468.74;0;1.0;0;1.0;0;0;1.0;0;0;1.0;0;0;1.0;1.0;0;0;1.0;0;0
121038;1.97;0.90;0;1313.0;18.75;48.0;6.75;0;12.50;14.39;70.54;80.32;2.31;142107.0;0;0;69.0;4511.0;973.99;0;0;1.0;0;1.0;0;0;1.0;0;0;1.0;0;0;1.0;1.0;0;0;1.0;0;0
121539;2.05;0.92;0;1329.0;18.75;48.75;6.0;0;12.20;14.39;59.97;73.72;2.31;142107.0;0;0;70.0;4510.0;973.91;0;0;1.0;0;1.0;0;0;1.0;0;0;1.0;0;0;1.0;1.0;0;0;1.0;0;0
122087;1.99;0.93;0;1383.0;18.75;48.75;4.5;0;11.91;14.39;58.94;134.36;2.31;142107.0;0;0;70.0;4520.0;973.95;19.53;0;1.0;0;1.0;0;0;1.0;0;0;1.0;0;0;1.0;1.0;0;0;1.0;0;0
122587;2.04;0.93;0;1367.0;18.75;48.75;4.5;0;11.90;14.39;88.54;129.23;2.31;142107.0;0;0;70.0;4520.0;973.95;58.59;0;1.0;0;1.0;0;0;1.0;0;0;1.0;0;0;1.0;1.0;0;0;1.0;0;0
123088;2.08;0.94;0;1342.0;18.75;48.75;5.25;0;12.00;14.29;82.80;143.50;2.58;142107.0;0;0;69.0;4508.0;973.95;351.55;0;1.0;0;1.0;0;0;1.0;0;0;1.0;0;0;1.0;1.0;0;0;1.0;0;0
123589;1.98;0.95;0;1405.0;18.75;48.75;3.0;0;11.40;14.29;60.30;112.78;2.58;142107.0;0;0;69.0;4511.0;974.03;429.68;0;1.0;0;1.0;0;0;1.0;0;0;1.0;0;0;1.0;1.0;0;0;1.0;0;0
124090;1.96;0.95;0;1398.0;18.75;49.5;3.0;0;11.41;14.39;50.95;128.70;2.31;142107.0;0;0;68.0;4519.0;974.07;742.17;0;1.0;0;1.0;0;0;1.0;0;0;1.0;0;0;1.0;1.0;0;0;1.0;0;0
124592;2.04;0.93;0;1365.0;18.75;49.5;4.5;0;11.84;14.20;44.02;108.23;2.58;142107.0;0;0;67.0;4512.0;974.11;703.11;0;1.0;0;1.0;0;0;1.0;0;0;1.0;0;0;1.0;1.0;0;0;1.0;0;0
125094;2.0;0.92;0;1370.0;18.75;49.5;4.5;0;11.85;14.39;45.83;83.13;2.31;142107.0;0;0;68.0;4513.0;974.03;683.58;0;1.0;0;1.0;0;0;1.0;0;0;1.0;0;0;1.0;1.0;0;0;1.0;0;0
125594;1.91;0.91;0;1365.0;18.75;49.5;4.5;0;11.84;14.29;33.35;60.56;2.58;142107.0;0;0;69.0;4519.0;974.03;39.06;0;1.0;0;1.0;0;0;1.0;0;0;1.0;0;0;1.0;1.0;0;0;1.0;0;0
126096;1.98;0.92;0;1384.0;18.75;49.5;3.75;0;11.57;14.48;40.21;50.38;2.31;142107.0;0;0;70.0;4521.0;974.07;39.06;0;1.0;0;1.0;0;0;1.0;0;0;1.0;0;0;1.0;1.0;0;0;1.0;0;0
126597;2.07;0.94;0;1356.0;18.75;49.5;4.5;0;11.93;14.39;54.48;48.45;2.31;142107.0;0;0;70.0;4507.0;974.11;0;0;1.0;0;1.0;0;0;1.0;0;0;1.0;0;0;1.0;1.0;0;0;1.0;0;0
127101;1.94;0.95;0;1423.0;18.75;49.5;3.0;0;11.36;14.39;54.97;35.27;2.31;142107.0;0;0;69.0;4530.0;974.15;527.33;0;1.0;0;1.0;0;0;1.0;0;0;1.0;0;0;1.0;1.0;0;0;1.0;0;0
127601;1.96;0.94;0;1395.0;18.75;49.5;3.0;0;11.36;14.39;40.05;27.06;2.31;142107.0;0;0;69.0;4514.0;974.15;722.64;0;1.0;0;1.0;0;0;1.0;0;0;1.0;0;0;1.0;1.0;0;0;1.0;0;0
128104;1.99;0.92;0;1394.0;18.75;49.5;3.75;0;11.58;14.48;37.96;22.02;2.31;142107.0;0;0;70.0;4509.0;974.15;761.70;0;1.0;0;1.0;0;0;1.0;0;0;1.0;0;0;1.0;1.0;0;0;1.0;0;0
128604;1.99;0.91;0;1361.0;18.75;50.25;4.5;0;11.94;14.39;57.43;77.92;2.31;142107.0;0;0;69.0;4520.0;974.19;19.53;0;1.0;0;1.0;0;0;1.0;0;0;1.0;0;0;1.0;1.0;0;0;1.0;0;0
129108;1.92;0.93;0;1385.0;18.75;50.25;4.5;0;11.91;14.39;53.14;108.84;2.31;142107.0;0;0;70.0;4510.0;974.19;19.53;0;1.0;0;1.0;0;0;1.0;0;0;1.0;0;0;1.0;1.0;0;0;1.0;0;0
129654;2.00;0.94;0;1355.0;18.75;50.25;4.5;0;11.95;14.39;59.80;137.58;2.31;142107.0;0;0;70.0;4508.0;974.19;39.06;0;1.0;0;1.0;0;0;1.0;0;0;1.0;0;0;1.0;1.0;0;0;1.0;0;0
130156;2.02;0.96;0;1360.0;18.75;50.25;4.5;0;11.89;14.39;93.62;177.82;2.31;142107.0;0;0;70.0;4508.0;974.19;58.59;0;1.0;0;1.0;0;0;1.0;0;0;1.0;0;0;1.0;1.0;0;0;1.0;0;0
130658;1.96;0.98;0;1447.0;18.75;50.25;1.5;0;10.71;14.39;99.54;228.67;2.31;142107.0;0;0;70.0;4513.0;974.19;800.77;0;1.0;0;1.0;0;0;1.0;0;0;1.0;0;0;1.0;1.0;0;0;1.0;0;0
131161;2.08;0.96;0;1367.0;18.75;50.25;4.5;0;11.86;14.39;87.10;190.86;2.31;142107.0;0;0;69.0;4506.0;974.19;781.24;0;1.0;0;1.0;0;0;1.0;0;0;1.0;0;0;1.0;1.0;0;0;1.0;0;0
131663;2.04;0.94;0;1371.0;18.75;50.25;4.5;0;11.85;14.39;63.45;139.09;2.31;142107.0;0;0;69.0;4510.0;974.11;781.24;0;1.0;0;1.0;0;0;1.0;0;0;1.0;0;0;1.0;1.0;0;0;1.0;0;0
132165;1.96;0.93;0;1365.0;18.75;50.25;4.5;0;11.88;14.39;48.72;101.38;2.31;142107.0;0;0;68.0;4516.0;974.15;683.58;0;1.0;0;1.0;0;0;1.0;0;0;1.0;0;0;1.0;1.0;0;0;1.0;0;0
132666;1.90;0.91;0;1400.0;18.75;50.25;3.0;0;11.38;14.48;37.69;80.50;2.31;142107.0;0;0;70.0;4506.0;974.15;703.11;0;1.0;0;1.0;0;0;1.0;0;0;1.0;0;0;1.0;1.0;0;0;1.0;0;0
133169;2.0;0.92;0;1365.0;18.75;51.0;4.5;0;11.91;14.39;29.31;69.19;2.31;142107.0;0;0;69.0;4511.0;974.15;39.06;0;1.0;0;1.0;0;0;1.0;0;0;1.0;0;0;1.0;1.0;0;0;1.0;0;0
133794;2.04;0.93;0;1349.0;18.75;51.0;4.5;0;11.88;14.39;28.70;50.38;2.31;142107.0;0;0;69.0;4512.0;974.19;39.06;0;1.0;0;1.0;0;0;1.0;0;0;1.0;0;0;1.0;1.0;0;0;1.0;0;0
134449;2.03;0.95;0;1399.0;18.75;51.0;3.0;0;11.36;14.39;18.78;32.98;2.31;142107.0;0;0;69.0;4502.0;974.11;136.71;0;1.0;0;1.0;0;0;1.0;0;0;1.0;0;0;1.0;1.0;0;0;1.0;0;0
134951;1.98;0.96;0;1399.0;18.75;51.0;3.0;0;11.38;14.39;12.94;24.97;2.31;142107.0;0;0;69.0;4511.0;974.07;800.77;0;1.0;0;1.0;0;0;1.0;0;0;1.0;0;0;1.0;1.0;0;0;1.0;0;0
135455;1.99;0.94;0;1367.0;18.75;51.0;4.5;0;11.86;14.39;9.37;19.15;2.31;142107.0;0;0;69.0;4507.0;974.11;800.77;0;1.0;0;1.0;0;0;1.0;0;0;1.0;0;0;1.0;1.0;0;0;1.0;0;0
135958;1.96;0.94;0;1358.0;18.75;51.0;4.5;0;11.88;14.29;7.16;14.68;2.58;142107.0;0;0;69.0;4510.0;974.11;234.37;0;1.0;0;1.0;0;0;1.0;0;0;1.0;0;0;1.0;1.0;0;0;1.0;0;0
136460;1.95;0.94;0;1381.0;18.75;51.0;3.75;0;11.51;14.39;5.17;10.66;2.31;142107.0;0;0;69.0;4525.0;974.15;781.24;0;1.0;0;1.0;0;0;1.0;0;0;1.0;0;0;1.0;1.0;0;0;1.0;0;0
136963;1.93;0.93;0;1406.0;18.75;51.0;3.0;0;11.38;14.48;5.95;10.37;2.31;142107.0;0;0;69.0;4508.0;974.15;507.80;0;1.0;0;1.0;0;0;1.0;0;0;1.0;0;0;1.0;1.0;0;0;1.0;0;0
137466;2.03;0.94;0;1365.0;18.75;51.0;4.5;0;11.89;14.39;4.53;9.60;2.31;142107.0;0;0;69.0;4512.0;974.15;19.53;0;1.0;0;1.0;0;0;1.0;0;0;1.0;0;0;1.0;1.0;0;0;1.0;0;0
137969;1.99;0.95;0;1364.0;18.75;51.0;4.5;0;11.88;14.48;3.24;6.95;2.31;142107.0;0;0;69.0;4507.0;974.19;39.06;0;1.0;0;1.0;0;0;1.0;0;0;1.0;0;0;1.0;1.0;0;0;1.0;0;0
138472;1.99;0.96;0;1383.0;18.75;51.75;3.75;0;11.85;14.39;2.30;5.29;2.31;142107.0;0;0;69.0;4512.0;974.11;449.21;0;1.0;0;1.0;0;0;1.0;0;0;1.0;0;0;1.0;1.0;0;0;1.0;0;0
138974;2.03;0.96;0;1392.0;18.75;51.75;3.0;0;11.30;14.39;1.62;6.15;2.31;142107.0;0;0;67.0;4519.0;974.11;800.77;0;1.0;0;1.0;0;0;1.0;0;0;1.0;0;0;1.0;1.0;0;0;1.0;0;0
139488;2.06;0.94;0;1321.0;18.75;51.75;5.25;0;11.81;14.39;19.02;13.35;2.31;142107.0;0;0;66.0;4519.0;974.15;722.64;0;1.0;0;1.0;0;0;1.0;0;0;1.0;0;0;1.0;1.0;0;0;1.0;0;0
139980;1.92;0.93;0;1359.0;18.75;51.75;4.5;0;11.76;14.39;112.86;101.55;2.31;142107.0;0;0;67.0;4513.0;974.15;683.58;0;1.0;0;1.0;0;0;1.0;0;0;1.0;0;0;1.0;1.0;0;0;1.0;0;0
140483;1.97;0.91;0;1354.0;18.75;51.75;4.5;0;11.73;14.48;181.31;162.66;2.31;142107.0;0;0;66.0;4520.0;974.15;605.46;0;1.0;0;1.0;0;0;1.0;0;0;1.0;0;0;1.0;1.0;0;0;1.0;0;0
140988;2.03;0.92;0;1331.0;18.75;51.75;5.25;0;11.85;14.48;174.96;217.62;2.31;142107.0;0;0;67.0;4507.0;974.19;39.06;0;1.0;0;1.0;0;0;1.0;0;0;1.0;0;0;1.0;1.0;0;0;1.0;0;0
141489;2.0;0.93;0;1338.0;18.75;51.75;5.25;0;11.94;14.29;135.10;181.23;2.58;142107.0;0;0;67.0;4511.0;974.19;39.06;0;1.0;0;1.0;0;0;1.0;0;0;1.0;0;0;1.0;1.0;0;0;1.0;0;0
141994;1.98;0.95;0;1377.0;18.75;51.75;3.75;0;11.47;14.39;105.85;161.18;2.31;142107.0;0;0;69.0;4510.0;974.19;546.86;0;1.0;0;1.0;0;0;1.0;0;0;1.0;0;0;1.0;1.0;0;0;1.0;0;0
142496;2.05;0.94;0;1350.0;18.75;51.75;4.5;0;11.85;14.39;81.28;117.45;2.31;142107.0;0;0;68.0;4510.0;974.19;761.70;0;1.0;0;1.0;0;0;1.0;0;0;1.0;0;0;1.0;1.0;0;0;1.0;0;0
143003;1.96;0.93;0;1346.0;18.75;51.75;4.5;0;11.84;14.29;59.21;98.43;2.58;142107.0;0;0;68.0;4511.0;974.11;703.11;0;1.0;0;1.0;0;0;1.0;0;0;1.0;0;0;1.0;1.0;0;0;1.0;0;0
143502;1.90;0.91;0;1368.0;18.75;51.75;3.75;0;11.48;14.29;43.14;71.71;2.58;142107.0;0;0;68.0;4511.0;974.15;78.12;0;1.0;0;1.0;0;0;1.0;0;0;1.0;0;0;1.0;1.0;0;0;1.0;0;0
144006;2.0;0.93;0;1359.0;18.75;52.5;4.5;0;11.79;14.29;37.36;52.24;2.58;142107.0;0;0;67.0;4508.0;974.15;605.46;0;1.0;0;1.0;0;0;1.0;0;0;1.0;0;0;1.0;1.0;0;0;1.0;0;0
144510;1.92;0.92;0;1353.0;18.75;52.5;4.5;0;11.83;14.29;30.79;55.87;2.58;142107.0;0;0;67.0;4513.0;974.11;664.05;0;1.0;0;1.0;0;0;1.0;0;0;1.0;0;0;1.0;1.0;0;0;1.0;0;0
145012;1.91;0.91;0;1349.0;18.75;52.5;4.5;0;11.84;14.48;36.77;48.80;2.31;142107.0;0;0;68.0;4506.0;974.03;39.06;0;1.0;0;1.0;0;0;1.0;0;0;1.0;0;0;1.0;1.0;0;0;1.0;0;0
145517;1.96;0.93;0;1394.0;18.75;52.5;3.0;0;11.35;14.39;28.22;35.52;2.31;142107.0;0;0;68.0;4510.0;974.07;78.12;0;1.0;0;1.0;0;0;1.0;0;0;1.0;0;0;1.0;1.0;0;0;1.0;0;0
146019;2.01;0.95;0;1342.0;18.75;52.5;4.5;0;11.86;14.48;20.52;27.26;2.31;142107.0;0;0;68.0;4505.0;974.11;58.59;0;1.0;0;1.0;0;0;1.0;0;0;1.0;0;0;1.0;1.0;0;0;1.0;0;0
146522;1.98;0.96;0;1374.0;18.75;52.5;3.75;0;11.46;14.39;15.74;22.18;2.31;142107.0;0;0;68.0;4532.0;974.15;761.70;0;1.0;0;1.0;0;0;1.0;0;0;1.0;0;0;1.0;1.0;0;0;1.0;0;0
147025;1.92;0.94;0;1396.0;18.75;52.5;3.0;0;11.28;14.39;29.90;37.55;2.31;142107.0;0;0;67.0;4518.0;974.15;800.77;0;1.0;0;1.0;0;0;1.0;0;0;1.0;0;0;1.0;1.0;0;0;1.0;0;0
147529;1.88;0.93;0;1419.0;18.75;52.5;2.25;0;10.91;14.39;45.36;44.02;2.31;142107.0;0;0;67.0;4516.0;974.15;761.70;0;1.0;0;1.0;0;0;1.0;0;0;1.0;0;0;1.0;1.0;0;0;1.0;0;0
148031;1.96;0.92;0;1370.0;18.75;52.5;3.75;0;11.43;14.29;113.70;78.68;2.58;142107.0;0;0;67.0;4512.0;974.19;78.12;0;1.0;0;1.0;0;0;1.0;0;0;1.0;0;0;1.0;1.0;0;0;1.0;0;0
148669;1.94;0.94;0;1375.0;18.75;52.5;3.75;0;11.42;14.48;103.62;112.60;2.31;142107.0;0;0;68.0;4508.0;974.19;58.59;0;1.0;0;1.0;0;0;1.0;0;0;1.0;0;0;1.0;1.0;0;0;1.0;0;0
149339;2.10;0.96;0;1331.0;18.75;52.5;5.25;0;11.86;14.29;111.51;136.49;2.58;142107.0;0;0;67.0;4513.0;974.19;742.17;0;1.0;0;1.0;0;0;1.0;0;0;1.0;0;0;1.0;1.0;0;0;1.0;0;0
149840;2.00;0.95;0;1343.0;18.75;53.25;4.5;0;11.77;14.39;115.89;158.46;2.31;142107.0;0;0;67.0;4517.0;974.19;800.77;0;1.0;0;1.0;0;0;1.0;0;0;1.0;0;0;1.0;1.0;0;0;1.0;0;0
150362;1.93;0.93;0;1387.0;18.75;53.25;3.0;0;11.29;14.29;91.08;144.18;2.58;142107.0;0;0;67.0;4512.0;974.11;800.77;0;1.0;0;1.0;0;0;1.0;0;0;1.0;0;0;1.0;1.0;0;0;1.0;0;0
151009;1.93;0.92;0;1319.0;18.75;53.25;6.0;0;11.97;14.48;77.00;150.02;2.31;142107.0;0;0;66.0;4522.0;974.11;722.64;0;1.0;0;1.0;0;0;1.0;0;0;1.0;0;0;1.0;1.0;0;0;1.0;0;0
151737;1.96;0.92;0;1371.0;18.75;53.25;4.5;0;11.71;14.29;97.98;163.07;2.58;142107.0;0;0;66.0;4506.0;974.15;214.84;0;1.0;0;1.0;0;0;1.0;0;0;1.0;0;0;1.0;1.0;0;0;1.0;0;0
152398;1.94;0.94;0;1357.0;18.75;53.25;4.5;0;11.76;14.39;116.35;205.45;2.31;142107.0;0;0;67.0;4502.0;974.11;253.90;0;1.0;0;1.0;0;0;1.0;0;0;1.0;0;0;1.0;1.0;0;0;1.0;0;0
153049;1.91;0.93;0;1381.0;18.75;53.25;3.75;0;11.43;14.48;178.79;240.08;2.31;142107.0;0;0;67.0;4507.0;974.07;761.70;0;1.0;0;1.0;0;0;1.0;0;0;1.0;0;0;1.0;1.0;0;0;1.0;0;0
153687;2.0;0.93;0;1355.0;18.75;53.25;4.5;0;11.77;14.29;196.72;239.55;2.58;142107.0;0;0;67.0;4512.0;974.11;58.59;0;1.0;0;1.0;0;0;1.0;0;0;1.0;0;0;1.0;1.0;0;0;1.0;0;0
154345;2.0;0.95;0;1378.0;18.75;54.0;3.0;0;11.26;14.29;235.96;233.40;2.58;142107.0;0;0;67.0;4517.0;974.15;58.59;0;1.0;0;1.0;0;0;1.0;0;0;1.0;0;0;1.0;1.0;0;0;1.0;0;0
154906;1.99;0.96;0;1378.0;18.75;54.0;3.75;0;11.37;14.39;223.87;231.72;2.31;142107.0;0;0;66.0;4523.0;974.15;781.24;0;1.0;0;1.0;0;0;1.0;0;0;1.0;0;0;1.0;1.0;0;0;1.0;0;0
155456;1.98;0.94;0;1326.0;18.75;54.0;5.25;0;11.82;14.48;200.00;191.84;2.31;142107.0;0;0;66.0;4512.0;974.15;781.24;0;1.0;0;1.0;0;0;1.0;0;0;1.0;0;0;1.0;1.0;0;0;1.0;0;0
156002;1.99;0.92;0;1350.0;18.75;54.0;4.5;0;11.71;14.48;158.38;152.80;2.31;142107.0;0;0;66.0;4505.0;974.19;351.55;0;1.0;0;1.0;0;0;1.0;0;0;1.0;0;0;1.0;1.0;0;0;1.0;0;0
156576;2.03;0.93;0;1333.0;18.75;54.0;5.25;0;11.85;14.29;181.08;132.58;2.58;142107.0;0;0;67.0;4512.0;974.19;117.18;0;1.0;0;1.0;0;0;1.0;0;0;1.0;0;0;1.0;1.0;0;0;1.0;0;0
157198;1.94;0.95;0;1360.0;18.75;54.0;4.5;0;11.82;14.39;167.29;104.97;2.31;142107.0;0;0;67.0;4511.0;974.19;156.24;0;1.0;0;1.0;0;0;1.0;0;0;1.0;0;0;1.0;1.0;0;0;1.0;0;0
157699;2.04;0.96;0;1317.0;18.75;54.0;6.0;0;12.05;14.39;186.84;115.30;2.31;142107.0;0;0;67.0;4507.0;974.19;781.24;0;1.0;0;1.0;0;0;1.0;0;0;1.0;0;0;1.0;1.0;0;0;1.0;0;0
158310;2.03;0.94;0;1351.0;18.75;54.75;4.5;0;11.83;14.11;173.52;90.65;2.58;142107.0;0;0;68.0;4507.0;974.19;800.77;0;1.0;0;1.0;0;0;1.0;0;0;1.0;0;0;1.0;1.0;0;0;1.0;0;0
158867;2.08;0.96;0;1318.0;18.75;54.75;6.0;0;12.03;14.48;181.35;99.44;2.31;142107.0;0;0;67.0;4508.0;974.19;800.77;0;1.0;0;1.0;0;0;1.0;0;0;1.0;0;0;1.0;1.0;0;0;1.0;0;0
159424;1.92;0.93;0;1367.0;18.75;54.75;3.75;0;11.39;14.48;220.00;103.15;2.31;142107.0;0;0;66.0;4507.0;974.11;761.70;0;1.0;0;1.0;0;0;1.0;0;0;1.0;0;0;1.0;1.0;0;0;1.0;0;0
159990;1.92;0.93;0;1347.0;18.75;54.75;4.5;0;11.74;14.39;232.85;115.94;2.31;142107.0;0;0;66.0;4515.0;974.15;117.18;0;1.0;0;1.0;0;0;1.0;0;0;1.0;0;0;1.0;1.0;0;0;1.0;0;0
160608;1.99;0.95;0;1380.0;18.75;54.75;3.75;0;11.40;14.29;203.11;167.84;2.58;142107.0;0;0;66.0;4519.0;974.15;566.39;0;1.0;0;1.0;0;0;1.0;0;0;1.0;0;0;1.0;1.0;0;0;1.0;0;0
161279;2.00;0.94;0;1354.0;18.75;54.75;4.5;0;11.77;14.39;206.19;182.03;2.31;142107.0;0;0;66.0;4512.0;974.19;253.90;0;1.0;0;1.0;0;0;1.0;0;0;1.0;0;0;1.0;1.0;0;0;1.0;0;0
162120;2.0;0.95;0;1330.0;18.75;54.75;5.25;0;11.75;14.39;241.84;140.96;2.31;142107.0;0;0;66.0;4513.0;974.19;332.02;0;1.0;0;1.0;0;0;1.0;0;0;1.0;0;0;1.0;1.0;0;0;1.0;0;0
162648;1.97;0.95;0;1355.0;18.75;54.75;4.5;0;11.77;14.39;170.04;157.47;2.31;142107.0;0;0;67.0;4518.0;974.19;97.65;0;1.0;0;1.0;0;0;1.0;0;0;1.0;0;0;1.0;1.0;0;0;1.0;0;0
163152;1.97;0.95;0;1349.0;18.75;55.5;4.5;0;11.74;14.48;213.59;206.62;2.31;142107.0;0;0;65.0;4511.0;974.11;722.64;0;1.0;0;1.0;0;0;1.0;0;0;1.0;0;0;1.0;1.0;0;0;1.0;0;0
163748;1.88;0.94;0;1391.0;18.75;55.5;3.0;0;11.14;14.29;155.67;158.75;2.58;142107.0;0;0;64.0;4522.0;974.11;781.24;0;1.0;0;1.0;0;0;1.0;0;0;1.0;0;0;1.0;1.0;0;0;1.0;0;0
164253;1.99;0.92;0;1323.0;18.75;55.5;5.25;0;11.66;14.48;113.43;109.75;2.31;142107.0;0;0;65.0;4512.0;974.07;234.37;0;1.0;0;1.0;0;0;1.0;0;0;1.0;0;0;1.0;1.0;0;0;1.0;0;0
164756;1.95;0.93;0;1334.0;18.75;55.5;4.5;0;11.69;14.48;89.68;91.32;2.31;142107.0;0;0;65.0;4517.0;974.03;703.11;0;1.0;0;1.0;0;0;1.0;0;0;1.0;0;0;1.0;1.0;0;0;1.0;0;0
165293;1.87;0.92;0;1402.0;18.75;55.5;2.25;0;10.87;14.29;94.93;82.14;2.58;142107.0;0;0;66.0;4524.0;974.07;566.39;0;1.0;0;1.0;0;0;1.0;0;0;1.0;0;0;1.0;1.0;0;0;1.0;0;0
165951;1.92;0.92;0;1318.0;18.75;55.5;5.25;0;11.80;14.29;76.36;67.39;2.58;142107.0;0;0;66.0;4510.0;974.11;19.53;0;1.0;0;1.0;0;0;1.0;0;0;1.0;0;0;1.0;1.0;0;0;1.0;0;0
166454;1.91;0.94;0;1371.0;18.75;55.5;3.0;0;11.16;14.29;56.65;50.66;2.58;142107.0;0;0;66.0;4510.0;974.15;97.65;0;1.0;0;1.0;0;0;1.0;0;0;1.0;0;0;1.0;1.0;0;0;1.0;0;0
166958;2.04;0.96;0;1339.0;18.75;55.5;4.5;0;11.71;14.48;57.02;104.15;2.31;142107.0;0;0;65.0;4502.0;974.15;156.24;0;1.0;0;1.0;0;0;1.0;0;0;1.0;0;0;1.0;1.0;0;0;1.0;0;0
167463;2.01;0.97;0;1399.0;18.75;56.25;2.25;0;10.81;14.39;43.78;75.87;2.31;142107.0;0;0;64.0;4520.0;974.15;820.30;0;1.0;0;1.0;0;0;1.0;0;0;1.0;0;0;1.0;1.0;0;0;1.0;0;0
168059;1.93;0.95;0;1364.0;18.75;56.25;3.75;0;11.27;14.39;65.73;55.25;2.31;142107.0;0;0;63.0;4529.0;974.19;800.77;0;1.0;0;1.0;0;0;1.0;0;0;1.0;0;0;1.0;1.0;0;0;1.0;0;0
168564;1.86;0.93;0;1385.0;18.75;56.25;3.0;0;11.06;14.48;49.52;55.19;2.31;142107.0;0;0;64.0;4511.0;974.19;742.17;0;1.0;0;1.0;0;0;1.0;0;0;1.0;0;0;1.0;1.0;0;0;1.0;0;0
169137;1.96;0.93;0;1345.0;18.75;56.25;4.5;0;11.60;14.48;88.37;48.33;2.31;142107.0;0;0;63.0;4524.0;974.19;78.12;0;1.0;0;1.0;0;0;1.0;0;0;1.0;0;0;1.0;1.0;0;0;1.0;0;0
169688;1.96;0.94;0;1314.0;18.75;56.25;5.25;0;11.64;14.39;163.46;105.46;2.31;142107.0;0;0;63.0;4506.0;974.19;585.93;0;1.0;0;1.0;0;0;1.0;0;0;1.0;0;0;1.0;1.0;0;0;1.0;0;0
170216;1.85;0.92;0;1363.0;18.75;56.25;3.75;0;11.23;14.39;206.64;124.38;2.31;142107.0;0;0;63.0;4523.0;974.19;683.58;0;1.0;0;1.0;0;0;1.0;0;0;1.0;0;0;1.0;1.0;0;0;1.0;0;0
170721;2.00;0.92;0;1313.0;18.75;56.25;5.25;0;11.69;14.39;158.83;110.18;2.31;142107.0;0;0;64.0;4522.0;974.19;39.06;0;1.0;0;1.0;0;0;1.0;0;0;1.0;0;0;1.0;1.0;0;0;1.0;0;0
171272;1.94;0.94;0;1353.0;18.75;56.25;3.75;0;11.30;14.39;159.73;102.39;2.31;142107.0;0;0;64.0;4505.0;974.19;644.52;0;1.0;0;1.0;0;0;1.0;0;0;1.0;0;0;1.0;1.0;0;0;1.0;0;0
171776;1.86;0.93;0;1395.0;18.75;56.25;3.0;0;11.13;14.39;116.39;78.64;2.31;142107.0;0;0;64.0;4516.0;974.19;722.64;0;1.0;0;1.0;0;0;1.0;0;0;1.0;0;0;1.0;1.0;0;0;1.0;0;0
172305;1.88;0.92;0;1358.0;18.75;57.0;3.75;0;11.29;14.48;129.30;68.53;2.31;142107.0;0;0;64.0;4515.0;974.19;507.80;0;1.0;0;1.0;0;0;1.0;0;0;1.0;0;0;1.0;1.0;0;0;1.0;0;0
172811;1.97;0.94;0;1347.0;18.75;57.0;4.5;0;11.64;14.48;89.38;47.34;2.31;142107.0;0;0;64.0;4510.0;974.19;58.59;0;1.0;0;1.0;0;0;1.0;0;0;1.0;0;0;1.0;1.0;0;0;1.0;0;0
173360;1.99;0.95;0;1317.0;18.75;57.0;5.25;0;11.73;14.29;65.11;36.34;2.58;142107.0;0;0;64.0;4516.0;974.19;39.06;0;1.0;0;1.0;0;0;1.0;0;0;1.0;0;0;1.0;1.0;0;0;1.0;0;0
173865;2.02;0.97;0;1368.0;18.75;57.0;3.0;0;11.13;14.39;53.68;26.44;2.31;142107.0;0;0;64.0;4513.0;974.19;58.59;0;1.0;0;1.0;0;0;1.0;0;0;1.0;0;0;1.0;1.0;0;0;1.0;0;0
174484;2.01;0.98;0;1384.0;18.75;57.0;3.0;0;11.11;14.39;42.59;21.13;2.31;142107.0;0;0;65.0;4509.0;974.11;820.30;0;1.0;0;1.0;0;0;1.0;0;0;1.0;0;0;1.0;1.0;0;0;1.0;0;0
175076;1.94;0.96;0;1368.0;18.75;57.0;3.0;0;11.09;14.39;36.32;17.71;2.31;142107.0;0;0;63.0;4509.0;974.15;820.30;0;1.0;0;1.0;0;0;1.0;0;0;1.0;0;0;1.0;1.0;0;0;1.0;0;0
175608;1.95;0.94;0;1309.0;18.75;57.0;6.0;0;11.81;14.39;106.51;65.50;2.31;142107.0;0;0;62.0;4518.0;974.07;761.70;0;1.0;0;1.0;0;0;1.0;0;0;1.0;0;0;1.0;1.0;0;0;1.0;0;0
176266;1.88;0.92;0;1364.0;18.75;57.0;3.75;0;11.27;14.29;157.90;114.60;2.58;142107.0;0;0;65.0;4513.0;974.11;703.11;0;1.0;0;1.0;0;0;1.0;0;0;1.0;0;0;1.0;1.0;0;0;1.0;0;0
176826;1.88;0.92;0;1333.0;18.75;57.75;4.5;0;11.62;14.11;119.15;97.74;2.58;142107.0;0;0;63.0;4526.0;974.15;39.06;0;1.0;0;1.0;0;0;1.0;0;0;1.0;0;0;1.0;1.0;0;0;1.0;0;0
177378;1.94;0.93;0;1363.0;18.75;57.75;3.75;0;11.30;14.48;93.13;83.27;2.31;142107.0;0;0;65.0;4510.0;974.15;39.06;0;1.0;0;1.0;0;0;1.0;0;0;1.0;0;0;1.0;1.0;0;0;1.0;0;0
177935;1.91;0.95;0;1380.0;18.75;57.75;3.0;0;11.17;14.39;75.22;69.39;2.31;142107.0;0;0;65.0;4508.0;974.11;117.18;0;1.0;0;1.0;0;0;1.0;0;0;1.0;0;0;1.0;1.0;0;0;1.0;0;0
178497;1.92;0.97;0;1385.0;18.75;57.75;3.0;0;11.12;14.48;54.80;50.54;2.31;142107.0;0;0;65.0;4522.0;974.11;156.24;0;1.0;0;1.0;0;0;1.0;0;0;1.0;0;0;1.0;1.0;0;0;1.0;0;0
179031;1.92;0.97;0;1385.0;18.75;57.75;3.0;0;11.07;14.39;37.86;36.81;2.31;142107.0;0;0;64.0;4509.0;974.15;839.83;0;1.0;0;1.0;0;0;1.0;0;0;1.0;0;0;1.0;1.0;0;0;1.0;0;0
179535;2.10;0.95;0;1339.0;18.75;57.75;4.5;0;11.59;14.29;29.06;42.71;2.58;142107.0;0;0;63.0;4507.0;974.15;839.83;0;1.0;0;1.0;0;0;1.0;0;0;1.0;0;0;1.0;1.0;0;0;1.0;0;0
180153;1.84;0.94;0;1377.0;19.5;57.75;3.0;0;10.99;14.48;37.41;74.52;2.31;142107.0;0;0;62.0;4503.0;974.19;800.77;0;1.0;0;1.0;0;0;1.0;0;0;1.0;0;0;1.0;1.0;0;0;1.0;0;0
180687;1.88;0.92;0;1334.0;19.5;57.75;4.5;0;11.55;14.29;106.47;153.34;2.58;142107.0;0;0;63.0;4509.0;974.19;175.77;0;1.0;0;1.0;0;0;1.0;0;0;1.0;0;0;1.0;1.0;0;0;1.0;0;0
181188;1.85;0.93;0;1361.0;19.5;57.75;3.75;0;11.20;14.48;176.62;186.37;2.31;142107.0;0;0;64.0;4515.0;974.19;78.12;0;1.0;0;1.0;0;0;1.0;0;0;1.0;0;0;1.0;1.0;0;0;1.0;0;0
181694;1.98;0.95;0;1366.0;19.5;57.75;3.0;0;11.12;14.39;159.32;198.32;2.31;142107.0;0;0;64.0;4513.0;974.19;371.08;0;1.0;0;1.0;0;0;1.0;0;0;1.0;0;0;1.0;1.0;0;0;1.0;0;0
182198;1.92;0.94;0;1346.0;19.5;57.75;4.5;0;11.61;14.29;124.30;180.43;2.58;142107.0;0;0;63.0;4513.0;974.19;117.18;0;1.0;0;1.0;0;0;1.0;0;0;1.0;0;0;1.0;1.0;0;0;1.0;0;0
182704;1.90;0.95;0;1369.0;19.5;57.75;3.0;0;11.03;14.48;141.57;181.60;2.31;142107.0;0;0;63.0;4521.0;974.19;585.93;0;1.0;0;1.0;0;0;1.0;0;0;1.0;0;0;1.0;1.0;0;0;1.0;0;0
183209;1.87;0.94;0;1371.0;19.5;57.75;3.0;0;11.04;14.48;141.29;194.87;2.31;142107.0;0;0;62.0;4517.0;974.19;820.30;0;1.0;0;1.0;0;0;1.0;0;0;1.0;0;0;1.0;1.0;0;0;1.0;0;0
183715;1.98;0.93;0;1333.0;19.5;57.75;4.5;0;11.55;14.48;177.56;210.31;2.31;142107.0;0;0;63.0;4519.0;974.19;761.70;0;1.0;0;1.0;0;0;1.0;0;0;1.0;0;0;1.0;1.0;0;0;1.0;0;0
184220;1.87;0.92;0;1346.0;19.5;58.5;4.5;0;11.61;14.20;201.97;198.48;2.58;142107.0;0;0;63.0;4511.0;974.19;117.18;0;1.0;0;1.0;0;0;1.0;0;0;1.0;0;0;1.0;1.0;0;0;1.0;0;0
184725;1.91;0.94;0;1332.0;19.5;58.5;4.5;0;11.60;14.39;176.80;165.32;2.31;142107.0;0;0;64.0;4503.0;974.19;58.59;0;1.0;0;1.0;0;0;1.0;0;0;1.0;0;0;1.0;1.0;0;0;1.0;0;0
185231;1.99;0.95;0;1323.0;19.5;58.5;5.25;0;11.74;14.29;135.14;127.02;2.58;142107.0;0;0;64.0;4517.0;974.19;117.18;0;1.0;0;1.0;0;0;1.0;0;0;1.0;0;0;1.0;1.0;0;0;1.0;0;0
185735;1.96;0.97;0;1358.0;19.5;58.5;3.75;0;11.29;14.39;111.61;92.55;2.31;142107.0;0;0;64.0;4518.0;974.19;117.18;0;1.0;0;1.0;0;0;1.0;0;0;1.0;0;0;1.0;1.0;0;0;1.0;0;0
186242;1.98;0.97;0;1355.0;19.5;58.5;3.75;0;11.28;14.39;88.70;78.45;2.31;142107.0;0;0;64.0;4521.0;974.19;800.77;0;1.0;0;1.0;0;0;1.0;0;0;1.0;0;0;1.0;1.0;0;0;1.0;0;0
186747;1.96;0.95;0;1386.0;19.5;58.5;3.0;0;11.11;14.29;64.62;57.14;2.58;142107.0;0;0;65.0;4498.0;974.19;800.77;0;1.0;0;1.0;0;0;1.0;0;0;1.0;0;0;1.0;1.0;0;0;1.0;0;0
187255;1.93;0.94;0;1372.0;19.5;58.5;3.0;0;11.07;14.39;67.14;50.17;2.31;142107.0;0;0;63.0;4522.0;974.19;390.62;0;1.0;0;1.0;0;0;1.0;0;0;1.0;0;0;1.0;1.0;0;0;1.0;0;0
187758;1.92;0.95;0;1346.0;19.5;58.5;4.5;0;11.55;14.48;147.95;88.39;2.31;142107.0;0;0;63.0;4511.0;974.19;175.77;0;1.0;0;1.0;0;0;1.0;0;0;1.0;0;0;1.0;1.0;0;0;1.0;0;0
188308;1.94;0.96;0;1345.0;19.5;59.25;4.5;0;11.53;14.48;157.72;137.70;2.31;142107.0;0;0;62.0;4506.0;974.19;800.77;0;1.0;0;1.0;0;0;1.0;0;0;1.0;0;0;1.0;1.0;0;0;1.0;0;0
188906;2.0;0.94;0;1330.0;19.5;59.25;4.5;0;11.55;14.29;139.13;180.76;2.58;142107.0;0;0;63.0;4513.0;974.19;781.24;0;1.0;0;1.0;0;0;1.0;0;0;1.0;0;0;1.0;1.0;0;0;1.0;0;0
189645;1.96;0.95;0;1327.0;19.5;59.25;4.5;0;11.55;14.29;157.56;192.93;2.58;142107.0;0;0;63.0;4514.0;974.19;566.39;0;1.0;0;1.0;0;0;1.0;0;0;1.0;0;0;1.0;1.0;0;0;1.0;0;0
190309;1.89;0.95;0;1372.0;19.5;59.25;3.0;0;11.05;14.39;175.16;168.58;2.31;142107.0;0;0;63.0;4511.0;974.19;781.24;0;1.0;0;1.0;0;0;1.0;0;0;1.0;0;0;1.0;1.0;0;0;1.0;0;0
190814;1.96;0.94;0;1352.0;19.5;59.25;3.75;0;11.23;14.48;210.14;130.14;2.31;142107.0;0;0;63.0;4499.0;974.19;781.24;0;1.0;0;1.0;0;0;1.0;0;0;1.0;0;0;1.0;1.0;0;0;1.0;0;0
191366;1.99;0.94;0;1346.0;19.5;59.25;4.5;0;11.53;14.39;225.96;118.11;2.31;142107.0;0;0;63.0;4518.0;974.19;546.86;0;1.0;0;1.0;0;0;1.0;0;0;1.0;0;0;1.0;1.0;0;0;1.0;0;0
191941;1.89;0.95;0;1361.0;19.5;59.25;3.75;0;11.17;14.39;231.95;123.68;2.31;142107.0;0;0;62.0;4510.0;974.19;742.17;0;1.0;0;1.0;0;0;1.0;0;0;1.0;0;0;1.0;1.0;0;0;1.0;0;0
192494;1.87;0.93;0;1361.0;19.5;59.25;3.75;0;11.20;14.39;266.35;137.70;2.31;142107.0;0;0;62.0;4502.0;974.19;722.64;0;1.0;0;1.0;0;0;1.0;0;0;1.0;0;0;1.0;1.0;0;0;0;0;0
192997;1.86;0.92;0;1344.0;19.5;59.25;4.5;0;11.51;14.48;296.89;184.87;2.31;142107.0;0;0;62.0;4509.0;974.19;136.71;1.0;1.0;0;1.0;0;0;1.0;0;0;1.0;0;0;1.0;1.0;0;0;0;0;0
193504;2.86;1.00;0;1507.0;19.5;59.25;12.0;2.35;15.85;14.39;258.88;215.65;2.31;142107.0;0;0;75.0;4599.0;974.19;839.83;1.0;1.0;0;1.0;0;0;1.0;0;0;1.0;0;0;1.0;1.0;0;0;0;0;0
194011;3.59;0.98;0;1687.0;19.5;59.25;10.5;5.09;20.03;14.39;216.19;162.80;2.31;142107.0;0;0;73.0;4590.0;974.19;839.83;1.0;1.0;0;1.0;0;0;1.0;0;0;1.0;0;0;1.0;1.0;0;0;0;0;0
194528;3.40;0.96;0;2212.0;19.5;59.25;17.25;7.45;22.59;14.39;139.89;112.74;2.31;142107.0;0;0;73.0;4556.0;974.19;820.30;1.0;1.0;0;1.0;0;0;1.0;0;0;1.0;0;0;1.0;1.0;0;0;0;0;0
195022;4.78;1.00;12.0;1820.0;19.5;59.25;10.5;9.80;29.79;14.48;96.71;73.94;2.31;142107.0;12.0;13.0;73.0;4542.0;974.19;800.77;1.0;1.0;0;1.0;0;0;1.0;0;0;1.0;0;0;1.0;1.0;0;0;0;0;0
195530;4.65;1.00;20.0;2156.0;19.5;60.0;13.5;12.94;30.74;14.39;60.13;48.43;2.31;142107.0;19.0;20.0;72.0;4441.0;974.19;800.77;1.0;1.0;0;1.0;0;0;1.0;0;0;1.0;0;0;1.0;1.0;0;0;0;0;0
196057;3.98;0.97;25.0;2823.0;19.5;60.0;22.5;13.72;28.29;14.39;35.42;27.06;2.31;142107.0;25.0;25.0;72.0;4406.0;974.19;781.24;1.0;1.0;0;1.0;0;0;1.0;0;0;1.0;0;0;1.0;1.0;0;0;0;0;0
196563;3.47;0.91;31.0;3407.0;19.5;60.0;27.75;13.33;26.80;14.39;17.77;14.29;2.31;142107.0;30.0;31.0;72.0;4520.0;974.19;703.11;1.0;1.0;0;1.0;0;0;1.0;0;0;1.0;0;0;1.0;1.0;0;0;0;0;0
197089;4.16;0.97;33.0;3878.0;19.5;60.0;30.0;17.64;30.13;14.29;9.10;6.40;2.58;142107.0;33.0;34.0;72.0;4558.0;974.19;800.77;1.0;1.0;0;1.0;0;0;1.0;0;0;0;0;0;1.0;1.0;0;0;0;0;0
197621;6.27;1.00;36.0;3468.0;19.5;60.0;25.5;16.47;27.43;14.48;3.22;2.12;2.31;142107.0;35.0;37.0;72.0;4234.0;974.19;781.24;2.0;1.0;0;1.0;0;0;1.0;0;0;1.0;0;0;1.0;1.0;0;0;0;0;0
198129;6.04;1.00;42.0;3292.0;19.5;60.0;17.25;25.10;36.76;14.39;3.16;0.99;2.31;142107.0;40.0;42.0;72.0;4221.0;974.19;683.58;2.0;1.0;0;1.0;0;0;1.0;0;0;1.0;0;0;1.0;1.0;0;0;0;0;0
198634;6.06;0.97;46.0;3623.0;18.75;60.0;18.75;27.84;40.08;14.29;2.87;0.35;2.58;142107.0;45.0;47.0;72.0;4370.0;974.19;761.70;2.0;1.0;0;1.0;0;0;1.0;0;0;1.0;0;0;1.0;1.0;0;0;0;0;0
199140;5.46;0.91;51.0;3923.0;18.75;60.0;21.75;27.45;40.72;14.39;1.19;0.03;2.31;142107.0;50.0;51.0;72.0;4539.0;974.11;761.70;2.0;1.0;0;1.0;0;0;1.0;0;0;1.0;0;0;1.0;1.0;0;0;0;0;0
199760;4.95;0.98;53.0;4223.0;18.75;60.75;27.0;22.74;35.86;14.39;42.71;42.02;2.31;142107.0;54.0;54.0;71.0;4587.0;973.91;761.70;2.0;1.0;0;1.0;0;0;1.0;0;0;1.0;0;0;1.0;1.0;0;0;0;0;0
200382;0;1.00;56.0;4514.0;18.75;60.75;42.0;0;21.13;14.39;165.98;190.82;2.31;142107.0;56.0;56.0;71.0;4388.0;973.99;820.30;2.0;1.0;0;1.0;0;0;1.0;0;0;1.0;0;0;1.0;1.0;0;0;0;0;0
201052;4.21;0.96;57.0;3529.0;18.75;60.75;26.25;17.64;30.33;14.39;211.60;241.01;2.31;142107.0;57.0;58.0;71.0;4408.0;973.95;761.70;3.0;1.0;0;1.0;0;0;1.0;0;0;1.0;0;0;1.0;1.0;0;0;0;0;0
201794;3.16;0.87;60.0;3655.0;18.75;60.75;30.75;12.55;26.65;14.39;217.60;289.06;2.31;142107.0;59.0;60.0;71.0;4487.0;973.87;742.17;3.0;1.0;0;1.0;0;0;1.0;0;0;1.0;0;0;1.0;1.0;0;0;0;0;0
202459;2.84;0.80;61.0;3762.0;18.75;61.5;33.0;11.76;25.51;14.48;179.09;320.79;2.31;142107.0;61.0;61.0;70.0;4519.0;973.84;214.84;3.0;1.0;0;1.0;0;0;1.0;0;0;1.0;0;0;1.0;1.0;0;0;0;0;0
203443;3.24;0.88;62.0;3822.0;18.75;61.5;33.0;13.72;26.91;14.48;147.41;307.57;2.31;142107.0;60.0;62.0;70.0;4500.0;973.84;683.58;3.0;1.0;0;1.0;0;0;1.0;0;0;1.0;0;0;1.0;1.0;0;0;0;0;0
203975;3.17;0.88;62.0;3818.0;18.75;61.5;33.0;12.94;26.21;14.20;252.89;323.04;2.58;142107.0;61.0;62.0;70.0;4510.0;973.64;781.24;3.0;1.0;0;1.0;0;0;1.0;0;0;1.0;0;0;1.0;1.0;0;0;0;0;0
204791;3.02;0.85;62.0;3865.0;18.75;61.5;33.75;12.15;25.62;14.29;324.35;346.28;2.58;142107.0;61.0;63.0;70.0;4517.0;973.56;664.05;3.0;1.0;0;1.0;0;0;1.0;0;0;1.0;0;0;1.0;1.0;0;0;0;0;0
205355;3.03;0.85;63.0;3869.0;18.75;61.5;33.75;11.76;25.50;14.39;335.74;320.21;2.31;142107.0;62.0;64.0;70.0;4517.0;973.33;566.39;3.0;1.0;0;1.0;0;0;1.0;0;0;1.0;0;0;1.0;1.0;0;0;0;0;0
206375;3.12;0.88;62.0;3810.0;18.75;62.25;33.75;11.76;25.56;14.39;131.94;154.56;2.31;142107.0;61.0;63.0;69.0;4516.0;973.21;195.31;3.0;1.0;0;1.0;0;0;1.0;0;0;1.0;0;0;1.0;1.0;0;0;0;0;0
206920;4.32;1.00;62.0;3862.0;18.75;62.25;29.25;18.43;30.78;14.29;28.37;33.00;2.58;142107.0;62.0;63.0;69.0;4525.0;973.13;781.24;3.0;1.0;0;1.0;0;0;1.0;0;0;1.0;0;0;1.0;1.0;0;0;0;0;0
207455;3.58;0.99;63.0;3891.0;18.75;63.0;34.5;13.72;26.43;14.39;64.09;15.72;2.31;142107.0;63.0;64.0;67.0;4519.0;973.09;820.30;3.0;1.0;0;1.0;0;0;1.0;0;0;1.0;0;0;1.0;1.0;0;0;0;0;0
207959;3.06;0.90;63.0;3918.0;18.75;63.0;36.0;10.98;24.67;14.48;131.63;119.30;2.31;142107.0;63.0;64.0;67.0;4507.0;973.05;800.77;3.0;1.0;0;1.0;0;0;1.0;0;0;1.0;0;0;1.0;1.0;0;0;0;0;0
208533;2.41;0.84;63.0;3945.0;18.75;63.0;39.75;8.23;20.91;14.39;164.32;176.10;2.31;142107.0;63.0;64.0;67.0;4507.0;973.05;722.64;3.0;1.0;0;1.0;0;0;1.0;0;0;1.0;0;0;1.0;1.0;0;0;0;0;0
209220;2.18;0.79;62.0;3855.0;18.75;63.0;39.75;7.84;20.06;14.39;139.42;130.77;2.31;142107.0;62.0;63.0;67.0;4506.0;973.05;195.31;3.0;1.0;0;1.0;0;0;1.0;0;0;1.0;0;0;1.0;1.0;0;0;0;0;0
209755;2.24;0.84;61.0;3726.0;18.75;63.0;39.75;7.05;19.42;14.29;194.10;213.54;2.58;142107.0;61.0;62.0;67.0;4511.0;972.98;585.93;3.0;1.0;0;1.0;0;0;1.0;0;0;1.0;0;0;1.0;1.0;0;0;0;0;0
210259;1.79;0.80;60.0;3710.0;18.75;63.0;40.5;5.49;16.11;14.48;256.15;279.39;2.31;142107.0;59.0;61.0;67.0;4506.0;972.86;117.18;3.0;1.0;0;1.0;0;0;1.0;0;0;1.0;0;0;1.0;1.0;0;0;0;0;0
210765;2.67;0.84;60.0;3678.0;18.75;63.75;34.5;9.41;22.81;14.48;231.66;254.35;2.31;142107.0;59.0;60.0;64.0;4493.0;972.90;605.46;3.0;1.0;0;1.0;0;0;1.0;0;0;1.0;0;0;1.0;1.0;0;0;0;0;0
211271;2.84;0.85;60.0;3684.0;18.75;63.75;34.5;10.58;24.31;14.39;105.05;115.34;2.31;142108.0;59.0;60.0;64.0;4510.0;972.86;312.49;3.0;1.0;0;1.0;0;0;1.0;0;0;1.0;0;0;1.0;1.0;0;0;0;0;0
211778;2.72;0.85;60.0;3691.0;18.75;63.75;35.25;9.80;23.36;14.39;49.11;42.30;2.31;142108.0;59.0;60.0;64.0;4512.0;972.55;585.93;3.0;1.0;0;1.0;0;0;1.0;0;0;1.0;0;0;1.0;1.0;0;0;0;0;0
212286;2.51;0.85;60.0;3644.0;18.75;63.75;35.25;8.23;21.57;14.39;22.16;23.02;2.31;142108.0;59.0;60.0;64.0;4514.0;972.55;429.68;3.0;1.0;0;1.0;0;0;1.0;0;0;1.0;0;0;1.0;1.0;0;0;0;0;0
212840;2.51;0.85;60.0;3633.0;18.75;64.5;36.75;8.23;21.40;14.48;9.39;11.44;2.31;142108.0;58.0;60.0;61.0;4503.0;972.39;351.55;3.0;1.0;0;1.0;0;0;1.0;0;0;1.0;0;0;1.0;1.0;0;0;0;0;0
213342;2.44;0.84;58.0;3617.0;18.75;64.5;36.0;8.23;21.26;14.39;4.17;5.11;2.31;142108.0;58.0;59.0;61.0;4505.0;972.19;351.55;3.0;1.0;0;1.0;0;0;1.0;0;0;1.0;0;0;1.0;1.0;0;0;0;0;0
213850;2.70;0.83;57.0;3536.0;18.75;64.5;34.5;9.41;23.04;14.39;1.79;2.20;2.31;142108.0;57.0;58.0;61.0;4516.0;972.08;156.24;3.0;1.0;0;1.0;0;0;1.0;0;0;1.0;0;0;1.0;1.0;0;0;0;0;0
214379;2.80;0.87;57.0;3572.0;18.75;64.5;34.5;9.80;23.39;14.48;0.76;2.20;2.31;142108.0;57.0;58.0;61.0;4519.0;971.96;703.11;3.0;1.0;0;1.0;0;0;1.0;0;0;1.0;0;0;1.0;1.0;0;0;0;0;0
214908;2.77;0.86;57.0;3549.0;18.75;64.5;34.5;9.80;23.42;14.39;0.19;0.72;2.31;142108.0;57.0;58.0;61.0;4507.0;971.92;605.46;3.0;1.0;0;1.0;0;0;1.0;0;0;1.0;0;0;1.0;1.0;0;0;0;0;0
215529;2.80;0.88;57.0;3539.0;18.75;64.5;34.5;9.80;23.32;14.39;2.85;0.27;2.31;142108.0;57.0;58.0;61.0;4511.0;971.88;781.24;3.0;1.0;0;1.0;0;0;1.0;0;0;1.0;0;0;1.0;1.0;0;0;0;0;0
216036;2.69;0.84;57.0;3517.0;18.75;64.5;33.75;9.41;23.23;14.39;1.05;2.08;2.31;142108.0;56.0;57.0;61.0;4529.0;971.84;761.70;3.0;1.0;0;1.0;0;0;1.0;0;0;1.0;0;0;1.0;1.0;0;0;0;0;0
216604;2.56;0.85;57.0;3464.0;18.75;65.25;34.5;8.23;22.03;14.48;0.35;0.83;2.31;142108.0;57.0;57.0;58.0;4511.0;971.80;605.46;3.0;1.0;0;1.0;0;0;1.0;0;0;1.0;0;0;1.0;1.0;0;0;0;0;0
217188;2.53;0.88;56.0;3484.0;18.75;65.25;36.0;7.45;21.12;14.39;151.02;108.05;2.31;142108.0;56.0;57.0;58.0;4526.0;971.80;800.77;3.0;1.0;0;1.0;0;0;1.0;0;0;1.0;0;0;1.0;1.0;0;0;0;0;0
217742;2.36;0.84;56.0;3404.0;18.75;65.25;35.25;7.05;20.51;14.20;111.98;256.31;2.58;142108.0;55.0;56.0;58.0;4520.0;971.61;683.58;3.0;1.0;0;1.0;0;0;1.0;0;0;1.0;0;0;1.0;1.0;0;0;0;0;0
218248;2.26;0.84;55.0;3349.0;18.75;65.25;34.5;6.66;19.64;14.39;164.77;304.16;2.31;142108.0;54.0;55.0;58.0;4522.0;971.57;156.24;3.0;1.0;0;1.0;0;0;1.0;0;0;1.0;0;0;1.0;1.0;0;0;0;0;0
218848;2.08;0.85;53.0;3315.0;18.75;65.25;36.0;5.88;17.82;14.39;195.20;304.80;2.31;142108.0;53.0;54.0;58.0;4525.0;971.41;722.64;3.0;1.0;0;1.0;0;0;1.0;0;0;1.0;0;0;1.0;1.0;0;0;0;0;0
219516;1.88;0.84;52.0;3190.0;18.75;66.0;34.5;5.09;15.99;14.39;86.30;148.91;2.31;142108.0;52.0;53.0;56.0;4512.0;971.34;546.86;3.0;1.0;0;1.0;0;0;1.0;0;0;1.0;0;0;1.0;1.0;0;0;0;0;0
220023;1.88;0.86;51.0;3067.0;18.75;66.0;32.25;4.70;15.53;14.48;39.06;64.01;2.31;142108.0;50.0;51.0;56.0;4500.0;971.06;781.24;3.0;1.0;0;1.0;0;0;1.0;0;0;1.0;0;0;1.0;1.0;0;0;0;0;0
220553;1.31;0.99;48.0;2955.0;18.75;66.0;30.75;1.96;8.86;14.48;19.58;36.56;2.31;142108.0;48.0;49.0;56.0;4518.0;970.98;859.36;3.0;1.0;0;1.0;0;0;1.0;0;0;1.0;0;0;1.0;1.0;0;0;0;0;0
221111;0.89;1.00;45.0;2754.0;18.75;66.0;-30.0;0;0;14.48;10.33;19.35;2.31;142108.0;46.0;45.0;56.0;4599.0;970.91;0;3.0;1.0;0;1.0;0;0;1.0;0;0;1.0;0;0;1.0;1.0;0;0;0;0;0
221682;1.15;1.00;41.0;2520.0;18.75;66.0;5.25;0;10.47;14.29;6.91;11.05;2.58;142108.0;41.0;41.0;56.0;4228.0;970.79;39.06;3.0;1.0;0;1.0;0;0;1.0;0;0;1.0;0;0;1.0;1.0;0;0;0;0;0
222188;1.70;0.99;37.0;2264.0;18.75;66.0;19.5;1.56;9.58;14.39;60.30;19.39;2.31;142108.0;37.0;37.0;56.0;4298.0;970.67;839.83;3.0;1.0;0;1.0;0;0;1.0;0;0;1.0;0;0;1.0;1.0;0;0;0;0;0
222698;2.36;0.98;35.0;2184.0;18.75;66.0;18.0;3.13;15.02;14.48;35.52;11.99;2.31;142108.0;35.0;36.0;56.0;4434.0;970.63;820.30;3.0;1.0;0;1.0;0;0;1.0;0;0;1.0;0;0;1.0;1.0;0;0;0;0;0
223203;2.38;0.96;35.0;2095.0;18.75;66.75;17.25;3.52;15.84;14.48;22.04;7.40;2.31;142108.0;34.0;35.0;53.0;4496.0;970.59;781.24;3.0;1.0;0;1.0;0;0;1.0;0;0;1.0;0;0;1.0;1.0;0;0;0;0;0
223710;2.25;0.94;33.0;2076.0;18.75;66.75;17.25;3.13;15.35;14.48;13.67;4.53;2.31;142108.0;33.0;34.0;53.0;4501.0;970.59;761.70;3.0;1.0;0;1.0;0;0;1.0;0;0;1.0;0;0;1.0;1.0;0;0;0;0;0
224217;2.22;0.92;32.0;2006.0;18.75;66.75;15.75;3.13;14.98;14.39;8.90;2.73;2.31;142108.0;32.0;33.0;53.0;4508.0;970.55;761.70;3.0;1.0;0;1.0;0;0;1.0;0;0;1.0;0;0;1.0;1.0;0;0;0;0;0
224724;1.68;0.99;30.0;1398.0;18.75;66.75;8.25;0;10.46;14.48;12.01;8.37;2.31;142108.0;30.0;30.0;41.0;4441.0;970.55;839.83;3.0;1.0;0;1.0;0;0;1.0;0;0;1.0;0;0;1.0;1.0;0;0;0;0;0
225249;1.70;0.97;27.0;1360.0;18.75;66.75;6.75;0;10.24;14.39;17.04;10.52;2.31;142108.0;28.0;28.0;42.0;4485.0;970.55;839.83;3.0;1.0;0;1.0;0;0;1.0;0;0;1.0;0;0;1.0;1.0;0;0;0;0;0
225737;3.16;1.00;26.0;1945.0;18.75;66.75;0;4.31;12.57;14.48;27.47;21.97;2.31;142108.0;26.0;26.0;53.0;4592.0;970.52;839.83;3.0;1.0;0;1.0;0;0;1.0;0;0;1.0;0;0;1.0;1.0;0;0;0;0;0
226242;2.81;0.98;25.0;2047.0;18.75;66.75;6.75;4.70;14.93;14.48;17.96;13.63;2.31;142108.0;25.0;25.0;53.0;4551.0;970.52;800.77;3.0;1.0;0;1.0;0;0;1.0;0;0;1.0;0;0;1.0;1.0;0;0;0;0;0
226751;3.00;0.96;25.0;1797.0;18.75;66.75;12.75;4.70;18.89;14.48;11.69;10.78;2.31;142108.0;24.0;25.0;53.0;4530.0;970.48;800.77;3.0;1.0;0;1.0;0;0;1.0;0;0;1.0;0;0;1.0;1.0;0;0;0;0;0
227258;3.14;0.94;25.0;1682.0;18.75;66.75;12.75;4.70;20.06;14.48;7.59;7.40;2.31;142108.0;24.0;25.0;53.0;4495.0;970.32;800.77;3.0;1.0;0;1.0;0;0;1.0;0;0;1.0;0;0;1.0;1.0;0;0;0;0;0
227764;3.33;0.92;25.0;1720.0;18.75;66.75;12.75;5.88;22.59;14.48;6.64;4.53;2.31;142108.0;24.0;25.0;53.0;4507.0;970.12;781.24;3.0;1.0;0;1.0;0;0;1.0;0;0;1.0;0;0;1.0;1.0;0;0;0;0;0
228272;4.34;0.90;26.0;1682.0;18.75;67.5;11.25;9.41;30.93;14.48;20.46;19.00;2.31;142108.0;25.0;26.0;50.0;4523.0;969.89;820.30;3.0;1.0;0;1.0;0;0;1.0;0;0;1.0;0;0;1.0;1.0;0;0;0;0;0
228779;5.14;1.00;27.0;1819.0;18.75;67.5;10.5;14.11;35.27;14.39;50.32;82.61;2.31;142108.0;27.0;28.0;50.0;4501.0;969.69;722.64;3.0;1.0;0;1.0;0;0;1.0;0;0;1.0;0;0;1.0;1.0;0;0;0;0;0
229287;4.96;0.99;30.0;1950.0;18.75;67.5;11.25;14.90;35.49;14.48;134.21;173.40;2.31;142108.0;29.0;30.0;50.0;4456.0;969.58;410.15;3.0;1.0;0;1.0;0;0;1.0;0;0;1.0;0;0;1.0;1.0;0;0;0;0;0
229794;4.95;0.99;32.0;2006.0;18.75;67.5;12.0;14.90;35.09;14.39;154.42;201.47;2.31;142108.0;31.0;32.0;50.0;4483.0;969.50;722.64;3.0;1.0;0;1.0;0;0;1.0;0;0;1.0;0;0;1.0;1.0;0;0;0;0;0
230301;4.46;0.97;33.0;2093.0;18.75;67.5;13.5;14.51;34.18;14.39;146.57;187.99;2.31;142108.0;34.0;34.0;50.0;4486.0;969.46;781.24;3.0;1.0;0;1.0;0;0;1.0;0;0;1.0;0;0;1.0;1.0;0;0;0;0;0
230836;4.04;0.97;36.0;2223.0;18.75;67.5;17.25;12.15;30.43;14.39;158.75;219.20;2.31;142108.0;36.0;36.0;50.0;4501.0;969.42;800.77;3.0;1.0;0;1.0;0;0;1.0;0;0;1.0;0;0;1.0;1.0;0;0;0;0;0
231501;3.78;0.94;37.0;2252.0;18.75;67.5;19.5;10.98;27.95;14.29;170.10;235.31;2.58;142108.0;37.0;37.0;50.0;4524.0;969.38;820.30;3.0;1.0;0;1.0;0;0;1.0;0;0;1.0;0;0;1.0;1.0;0;0;0;0;0
232055;3.01;0.98;37.0;2301.0;18.75;68.25;21.0;6.66;21.47;14.48;218.77;191.02;2.31;142108.0;38.0;37.0;47.0;4541.0;969.34;820.30;3.0;1.0;0;1.0;0;0;1.0;0;0;1.0;0;0;1.0;1.0;0;0;0;0;0
232560;2.87;0.95;37.0;2252.0;18.75;68.25;21.0;6.27;20.92;14.39;204.88;197.72;2.31;142108.0;37.0;37.0;47.0;4545.0;969.34;800.77;3.0;1.0;0;1.0;0;0;1.0;0;0;1.0;0;0;1.0;1.0;0;0;0;0;0
233068;2.55;0.93;37.0;2261.0;18.75;68.25;20.25;5.09;18.61;14.48;269.18;228.34;2.31;142108.0;37.0;37.0;47.0;4523.0;969.30;800.77;3.0;1.0;0;1.0;0;0;1.0;0;0;1.0;0;0;1.0;1.0;0;0;0;0;0
233577;2.35;0.91;36.0;2233.0;18.75;68.25;19.5;4.31;17.35;14.48;280.56;247.58;2.31;142108.0;36.0;37.0;47.0;4532.0;969.30;781.24;3.0;1.0;0;1.0;0;0;1.0;0;0;1.0;0;0;1.0;1.0;0;0;0;0;0
234084;2.36;0.89;35.0;2172.0;18.75;68.25;18.75;4.31;17.56;14.39;321.83;278.16;2.31;142108.0;35.0;36.0;47.0;4536.0;969.30;761.70;3.0;1.0;0;1.0;0;0;1.0;0;0;1.0;0;0;1.0;1.0;0;0;0;0;0
234590;3.53;0.99;35.0;2202.0;18.75;68.25;19.5;7.45;23.95;14.39;314.23;311.13;2.31;142108.0;35.0;35.0;47.0;4492.0;969.30;820.30;3.0;1.0;0;1.0;0;0;1.0;0;0;1.0;0;0;1.0;1.0;0;0;0;0;0
235099;3.25;0.96;36.0;2247.0;18.75;68.25;19.5;7.84;22.96;14.39;285.09;324.58;2.31;142108.0;36.0;36.0;47.0;4488.0;969.30;820.30;3.0;1.0;0;1.0;0;0;1.0;0;0;1.0;0;0;1.0;1.0;0;0;0;0;0
235606;3.21;0.93;36.0;2230.0;18.75;68.25;20.25;7.84;23.75;14.39;321.13;331.56;2.31;142108.0;35.0;37.0;47.0;4496.0;969.30;781.24;3.0;1.0;0;1.0;0;0;1.0;0;0;1.0;0;0;1.0;1.0;0;0;0;0;0
236112;3.38;0.90;36.0;2278.0;18.75;68.25;19.5;10.19;26.51;14.39;313.18;338.10;2.31;142108.0;37.0;37.0;47.0;4486.0;969.23;742.17;3.0;1.0;0;1.0;0;0;1.0;0;0;1.0;0;0;1.0;1.0;0;0;0;0;0
236621;3.45;0.87;37.0;2351.0;18.75;69.0;20.25;11.37;28.34;14.39;255.84;261.07;2.31;142108.0;37.0;38.0;44.0;4469.0;969.11;624.99;3.0;1.0;0;1.0;0;0;1.0;0;0;1.0;0;0;1.0;1.0;0;0;0;0;0
237128;3.45;0.88;38.0;2385.0;18.75;69.0;21.75;12.15;28.72;14.39;151.02;154.13;2.31;142108.0;38.0;39.0;44.0;4472.0;968.91;39.06;3.0;1.0;0;1.0;0;0;1.0;0;0;1.0;0;0;1.0;1.0;0;0;0;0;0
237637;3.76;0.92;40.0;2478.0;18.75;69.0;22.5;14.11;29.97;14.39;89.11;90.95;2.31;142108.0;39.0;41.0;44.0;4481.0;968.76;58.59;3.0;1.0;0;1.0;0;0;1.0;0;0;1.0;0;0;1.0;1.0;0;0;0;0;0
238143;3.95;0.96;41.0;2576.0;18.75;69.0;23.25;14.90;30.03;14.48;52.55;50.89;2.31;142108.0;41.0;42.0;44.0;4464.0;968.60;136.71;3.0;1.0;0;1.0;0;0;1.0;0;0;1.0;0;0;1.0;1.0;0;0;0;0;0
238651;4.00;0.99;43.0;2649.0;18.75;69.0;24.0;14.90;29.76;14.48;29.37;28.41;2.31;142108.0;43.0;44.0;44.0;4491.0;968.52;781.24;3.0;1.0;0;1.0;0;0;1.0;0;0;1.0;0;0;1.0;1.0;0;0;0;0;0
239158;3.29;0.94;45.0;2744.0;18.75;69.0;26.25;11.76;27.51;14.48;13.94;14.23;2.31;142108.0;44.0;45.0;44.0;4532.0;968.44;839.83;3.0;1.0;0;1.0;0;0;1.0;0;0;1.0;0;0;1.0;1.0;0;0;0;0;0
239666;3.00;0.97;45.0;2770.0;18.75;69.0;27.75;8.62;23.52;14.48;7.73;7.47;2.31;142108.0;44.0;45.0;44.0;4538.0;968.33;839.83;3.0;1.0;0;1.0;0;0;1.0;0;0;1.0;0;0;1.0;1.0;0;0;0;0;0
240173;2.98;0.93;45.0;2750.0;18.75;69.0;27.75;8.62;23.61;14.48;4.00;5.66;2.31;142108.0;45.0;45.0;44.0;4519.0;968.17;820.30;3.0;1.0;0;1.0;0;0;1.0;0;0;1.0;0;0;1.0;1.0;0;0;0;0;0
240682;2.83;0.90;45.0;2759.0;18.75;69.0;28.5;8.23;22.96;14.39;3.69;2.90;2.31;142108.0;45.0;46.0;44.0;4513.0;968.05;800.77;3.0;1.0;0;1.0;0;0;1.0;0;0;1.0;0;0;1.0;1.0;0;0;0;0;0
241189;2.89;0.85;46.0;2803.0;18.75;69.0;27.75;10.19;24.76;14.29;1.87;3.08;2.58;142108.0;45.0;46.0;44.0;4524.0;967.98;703.11;3.0;1.0;0;1.0;0;0;1.0;0;0;1.0;0;0;1.0;1.0;0;0;0;0;0
241697;3.76;0.97;47.0;2906.0;18.75;69.0;27.0;13.72;28.18;14.39;2.81;1.54;2.31;142108.0;46.0;47.0;44.0;4506.0;967.94;800.77;3.0;1.0;0;1.0;0;0;1.0;0;0;1.0;0;0;1.0;1.0;0;0;0;0;0
242205;3.36;0.92;48.0;2951.0;18.75;69.0;28.5;12.55;27.29;14.39;1.42;0.72;2.31;142108.0;47.0;49.0;44.0;4532.0;967.90;781.24;3.0;1.0;0;1.0;0;0;1.0;0;0;1.0;0;0;1.0;1.0;0;0;0;0;0
242712;3.07;0.88;48.0;2975.0;18.75;69.0;29.25;11.37;25.94;14.20;0.66;0.29;2.58;142108.0;48.0;49.0;44.0;4551.0;967.62;683.58;3.0;1.0;0;1.0;0;0;1.0;0;0;1.0;0;0;1.0;1.0;0;0;0;0;0
243221;2.78;0.84;48.0;2976.0;18.75;69.75;30.75;10.58;25.01;14.29;0.25;0.05;2.58;142108.0;48.0;49.0;42.0;4538.0;967.39;253.90;3.0;1.0;0;1.0;0;0;1.0;0;0;1.0;0;0;1.0;1.0;0;0;0;0;0
243729;2.80;0.87;48.0;3013.0;18.75;69.75;32.25;9.41;24.08;14.29;0.01;0;2.58;142108.0;48.0;49.0;42.0;4512.0;967.23;703.11;3.0;1.0;0;1.0;0;0;1.0;0;0;1.0;0;0;1.0;1.0;0;0;0;0;0
244237;2.98;0.87;48.0;2998.0;18.75;69.75;30.75;10.58;25.10;14.39;50.85;33.84;2.31;142108.0;47.0;49.0;42.0;4498.0;967.12;195.31;3.0;1.0;0;1.0;0;0;1.0;0;0;1.0;0;0;1.0;1.0;0;0;0;0;0
244743;3.08;0.90;48.0;2973.0;18.75;69.75;30.75;10.58;25.39;14.48;198.24;198.24;2.31;142108.0;47.0;49.0;42.0;4502.0;967.00;781.24;3.0;1.0;0;1.0;0;0;1.0;0;0;1.0;0;0;1.0;1.0;0;0;0;0;0
245252;2.89;0.89;48.0;3005.0;18.75;69.75;32.25;9.80;24.14;14.48;289.57;274.76;2.31;142108.0;48.0;49.0;42.0;4511.0;966.96;703.11;3.0;1.0;0;1.0;0;0;1.0;0;0;1.0;0;0;1.0;1.0;0;0;0;0;0
245791;2.65;0.84;48.0;3003.0;18.75;69.75;33.0;8.62;23.26;14.39;325.13;319.74;2.31;142108.0;49.0;49.0;42.0;4519.0;966.92;273.43;3.0;1.0;0;1.0;0;0;1.0;0;0;1.0;0;0;1.0;1.0;0;0;0;0;0
246394;2.61;0.84;48.0;2996.0;18.75;69.75;33.75;8.62;23.02;14.48;291.70;272.97;2.31;142108.0;48.0;49.0;42.0;4513.0;966.88;761.70;3.0;1.0;0;1.0;0;0;1.0;0;0;1.0;0;0;1.0;1.0;0;0;0;0;0
246961;2.80;0.83;48.0;3041.0;18.75;69.75;31.5;10.58;24.83;14.48;233.65;185.92;2.31;142108.0;49.0;49.0;42.0;4516.0;966.84;19.53;3.0;1.0;0;1.0;0;0;1.0;0;0;1.0;0;0;1.0;1.0;0;0;0;0;0
247470;2.91;0.88;50.0;3043.0;18.75;70.5;33.0;10.19;24.66;14.39;236.19;203.15;2.31;142108.0;49.0;50.0;39.0;4521.0;966.84;722.64;3.0;1.0;0;1.0;0;0;1.0;0;0;1.0;0;0;1.0;1.0;0;0;0;0;0
247977;2.10;0.87;50.0;3089.0;18.75;70.5;35.25;5.88;20.05;14.39;232.25;241.58;2.31;142108.0;50.0;50.0;39.0;4588.0;966.80;78.12;3.0;1.0;0;1.0;0;0;1.0;0;0;1.0;0;0;1.0;1.0;0;0;0;0;0
248487;0.84;1.00;47.0;2850.0;18.75;70.5;14.25;0;10.29;14.39;263.65;269.37;2.31;142108.0;47.0;47.0;39.0;4250.0;966.80;351.55;3.0;1.0;0;1.0;0;0;1.0;0;0;1.0;0;0;1.0;1.0;0;0;0;0;0
248993;0.96;1.00;43.0;2659.0;18.75;70.5;12.0;0;10.20;14.39;239.80;225.53;2.31;142108.0;43.0;43.0;39.0;4244.0;966.77;742.17;3.0;1.0;0;1.0;0;0;1.0;0;0;1.0;0;0;1.0;1.0;0;0;0;0;0
249502;0.94;1.00;38.0;2397.0;18.75;70.5;14.25;0;10.26;14.39;206.11;220.43;2.31;142108.0;39.0;39.0;31.0;4393.0;966.77;761.70;3.0;1.0;0;1.0;0;0;1.0;0;0;1.0;0;0;1.0;1.0;0;0;0;0;0
250009;1.00;1.00;35.0;2164.0;18.75;70.5;13.5;0;10.30;14.48;170.61;210.45;2.31;142108.0;35.0;35.0;31.0;4492.0;966.69;624.99;3.0;1.0;0;1.0;0;0;1.0;0;0;1.0;0;0;1.0;1.0;0;0;0;0;0
250518;2.11;1.00;32.0;1859.0;18.75;70.5;9.75;1.96;11.17;14.48;223.40;239.37;2.31;142108.0;32.0;33.0;39.0;4525.0;966.61;800.77;3.0;1.0;0;1.0;0;0;1.0;0;0;1.0;0;0;1.0;1.0;0;0;0;0;0
251026;2.37;0.99;31.0;1970.0;18.75;70.5;14.25;3.13;14.80;14.39;256.76;282.73;2.31;142108.0;31.0;31.0;39.0;4523.0;966.45;800.77;3.0;1.0;0;1.0;0;0;1.0;0;0;1.0;0;0;1.0;1.0;0;0;0;0;0
251535;2.42;0.97;31.0;1955.0;18.75;70.5;17.25;3.52;16.04;14.48;278.65;310.62;2.31;142108.0;31.0;31.0;39.0;4517.0;966.34;800.77;3.0;1.0;0;1.0;0;0;1.0;0;0;1.0;0;0;1.0;1.0;0;0;0;0;0
252042;1.74;0.99;30.0;1605.0;18.75;70.5;13.5;0.39;10.24;14.48;271.27;267.05;2.31;142108.0;30.0;30.0;39.0;4487.0;966.06;820.30;3.0;1.0;0;1.0;0;0;1.0;0;0;1.0;0;0;1.0;1.0;0;0;0;0;0
252550;2.4;0.98;28.0;1869.0;18.75;70.5;15.75;2.74;14.99;14.48;309.41;303.16;2.31;142108.0;28.0;29.0;39.0;4533.0;965.94;820.30;3.0;1.0;0;1.0;0;0;1.0;0;0;1.0;0;0;1.0;1.0;0;0;0;0;0
253058;2.84;0.96;28.0;1857.0;18.75;70.5;15.75;4.70;18.86;14.48;319.60;300.62;2.31;142108.0;28.0;29.0;39.0;4531.0;965.83;781.24;3.0;1.0;0;1.0;0;0;1.0;0;0;1.0;0;0;1.0;1.0;0;0;0;0;0
253568;2.84;0.94;28.0;1826.0;18.75;71.25;15.0;4.70;19.25;14.48;328.27;326.60;2.31;142108.0;29.0;29.0;38.0;4524.0;965.75;761.70;3.0;1.0;0;1.0;0;0;1.0;0;0;1.0;0;0;1.0;1.0;0;0;0;0;0
254075;2.74;0.92;30.0;1872.0;18.75;71.25;15.75;4.70;19.09;14.48;332.67;330.50;2.31;142108.0;30.0;30.0;38.0;4515.0;965.71;781.24;3.0;1.0;0;1.0;0;0;1.0;0;0;1.0;0;0;1.0;1.0;0;0;0;0;0
254584;1.21;0.99;28.0;1659.0;18.75;71.25;12.75;0;10.21;14.48;268.24;254.74;2.31;142108.0;29.0;29.0;32.0;4436.0;965.67;800.77;3.0;1.0;0;1.0;0;0;1.0;0;0;1.0;0;0;1.0;1.0;0;0;0;0;0
255091;1.79;0.98;27.0;1605.0;18.75;71.25;13.5;1.17;9.90;14.48;208.11;193.89;2.31;142108.0;28.0;27.0;38.0;4483.0;965.67;820.30;3.0;1.0;0;1.0;0;0;1.0;0;0;1.0;0;0;1.0;1.0;0;0;0;0;0
255600;3.11;0.96;26.0;1816.0;18.75;71.25;12.75;3.52;16.30;14.48;180.71;162.04;2.31;142108.0;26.0;26.0;38.0;4551.0;965.63;800.77;3.0;1.0;0;1.0;0;0;1.0;0;0;1.0;0;0;1.0;1.0;0;0;0;0;0
256108;1.45;0.99;25.0;1510.0;18.75;71.25;11.25;0;10.01;14.39;177.84;154.57;2.31;142108.0;25.0;25.0;32.0;4501.0;965.63;820.30;2.0;1.0;0;1.0;0;0;1.0;0;0;1.0;0;0;1.0;1.0;0;0;0;0;0
256617;1.14;0.99;22.0;1774.0;18.75;71.25;12.75;0;10.16;14.48;155.28;157.07;2.31;142108.0;23.0;22.0;30.0;4508.0;965.63;800.77;2.0;1.0;0;1.0;0;0;1.0;0;0;1.0;0;0;1.0;1.0;0;0;0;0;0
257124;1.32;0.98;20.0;1556.0;18.75;71.25;12.75;0;10.21;14.39;201.31;221.33;2.31;142108.0;19.0;20.0;31.0;4487.0;965.59;800.77;2.0;1.0;0;1.0;0;0;1.0;0;0;1.0;0;0;1.0;1.0;0;0;0;0;0
257632;1.50;0.97;15.0;1280.0;18.75;72.0;16.5;0;10.76;14.48;206.11;242.26;2.31;142108.0;15.0;15.0;31.0;4504.0;965.59;800.77;2.0;1.0;0;1.0;0;0;1.0;0;0;1.0;0;0;1.0;1.0;0;0;0;0;0
258141;1.53;0.95;11.0;1318.0;18.75;72.0;13.5;0;10.37;14.39;154.48;206.21;2.31;142108.0;11.0;11.0;31.0;4492.0;965.59;800.77;2.0;1.0;0;1.0;0;0;1.0;0;0;1.0;0;0;1.0;1.0;0;0;0;0;0
258652;1.96;0.93;10.0;1274.0;18.75;72.0;18.0;0.39;10.99;14.39;184.34;200.35;2.31;142108.0;10.0;10.0;31.0;4532.0;965.59;761.70;1.0;1.0;0;1.0;0;0;1.0;0;0;1.0;0;0;1.0;1.0;0;0;0;0;0
259158;1.79;0.92;10.0;1352.0;18.75;72.0;12.75;0.78;11.48;14.48;162.78;236.70;2.31;142108.0;10.0;10.0;39.0;4505.0;965.59;781.24;1.0;1.0;0;1.0;0;0;1.0;0;0;1.0;0;0;1.0;1.0;0;0;0;0;0
259666;1.74;0.90;10.0;1361.0;18.75;72.0;12.75;1.17;11.41;14.39;171.94;253.46;2.31;142108.0;10.0;10.0;39.0;4510.0;965.59;566.39;1.0;1.0;0;1.0;0;0;1.0;0;0;1.0;0;0;1.0;1.0;0;0;0;0;0
260174;2.19;0.89;10.0;1356.0;18.75;72.0;12.75;2.35;15.14;14.39;217.17;242.34;2.31;142108.0;10.0;10.0;39.0;4545.0;965.59;703.11;1.0;1.0;0;1.0;0;0;1.0;0;0;1.0;0;0;1.0;1.0;0;0;0;0;0
260684;2.32;0.87;11.0;1752.0;18.75;72.0;14.25;3.52;16.86;14.39;225.43;243.51;2.31;142108.0;11.0;11.0;38.0;4563.0;965.59;19.53;1.0;1.0;0;1.0;0;0;1.0;0;0;1.0;0;0;1.0;1.0;0;0;0;0;0
261284;1.24;1.00;11.0;1558.0;18.75;72.0;13.5;0;10.20;14.39;232.05;210.29;2.31;142108.0;11.0;11.0;30.0;4480.0;965.59;371.08;1.0;1.0;0;1.0;0;0;1.0;0;0;1.0;0;0;0;1.0;0;0;0;0;0
261862;2.54;1.00;10.0;1608.0;18.75;72.0;13.5;2.74;15.27;14.48;198.63;158.01;2.31;142108.0;11.0;11.0;38.0;4559.0;965.59;820.30;1.0;1.0;0;1.0;0;0;1.0;0;0;1.0;0;0;1.0;1.0;0;0;0;0;0
262371;2.61;0.98;11.0;1752.0;18.75;72.0;14.25;3.52;16.86;14.39;260.08;220.98;2.31;142108.0;12.0;12.0;38.0;4498.0;965.59;781.24;1.0;1.0;0;1.0;0;0;1.0;0;0;1.0;0;0;1.0;1.0;0;0;0;0;0
262880;2.67;0.96;13.0;1670.0;18.75;72.0;13.5;3.52;17.27;14.20;292.57;265.54;2.58;142108.0;14.0;14.0;38.0;4515.0;965.59;820.30;1.0;1.0;0;1.0;0;0;1.0;0;0;1.0;0;0;1.0;1.0;0;0;0;0;0
263387;2.47;0.94;16.0;1805.0;18.75;72.75;14.25;3.52;16.46;14.39;230.41;200.84;2.31;142108.0;15.0;16.0;37.0;4539.0;965.59;742.17;1.0;1.0;0;1.0;0;0;1.0;0;0;1.0;0;0;1.0;1.0;0;0;0;0;0
263922;2.32;0.92;17.0;1924.0;18.75;72.75;16.5;3.52;16.19;14.39;151.12;138.85;2.31;142108.0;17.0;17.0;37.0;4517.0;965.59;722.64;1.0;1.0;0;1.0;0;0;1.0;0;0;1.0;0;0;1.0;1.0;0;0;0;0;0
264429;2.2;0.90;18.0;2048.0;18.75;72.75;18.0;3.52;15.93;14.39;102.94;81.90;2.31;142108.0;18.0;18.0;37.0;4510.0;965.59;761.70;1.0;1.0;0;1.0;0;0;1.0;0;0;1.0;0;0;1.0;1.0;0;0;0;0;0
264937;2.04;0.89;18.0;2146.0;18.75;72.75;20.25;3.52;15.46;14.48;67.49;50.91;2.31;142108.0;19.0;19.0;37.0;4507.0;965.59;683.58;1.0;1.0;0;1.0;0;0;1.0;0;0;1.0;0;0;1.0;1.0;0;0;0;0;0
265444;1.96;0.87;20.0;2191.0;18.75;72.75;21.0;3.52;14.81;14.48;41.91;31.61;2.31;142108.0;20.0;20.0;37.0;4515.0;965.59;742.17;1.0;1.0;0;1.0;0;0;1.0;0;0;1.0;0;0;1.0;1.0;0;0;0;0;0
265952;1.96;0.85;20.0;2291.0;18.75;72.75;21.75;3.92;16.17;14.48;25.99;19.60;2.31;142108.0;21.0;20.0;37.0;4500.0;965.59;703.11;1.0;1.0;0;1.0;0;0;1.0;0;0;1.0;0;0;1.0;1.0;0;0;0;0;0
266462;2.61;0.85;21.0;2390.0;18.75;72.75;23.25;6.27;20.10;14.39;15.25;11.52;2.31;142108.0;21.0;22.0;37.0;4472.0;965.55;664.05;1.0;1.0;0;1.0;0;0;1.0;0;0;1.0;0;0;1.0;1.0;0;0;0;0;0
266971;2.56;0.86;23.0;2676.0;18.75;72.75;28.5;7.05;21.31;14.39;8.90;7.75;2.31;142108.0;24.0;24.0;37.0;4419.0;965.55;761.70;1.0;1.0;0;1.0;0;0;1.0;0;0;1.0;0;0;1.0;1.0;0;0;0;0;0
267488;0.96;0.86;26.0;2893.0;18.75;72.75;32.25;0.78;13.17;14.39;4.92;4.25;2.31;142108.0;26.0;26.0;37.0;4573.0;965.40;390.62;1.0;1.0;0;1.0;0;0;1.0;0;0;1.0;0;0;1.0;1.0;0;0;0;0;0
267988;1.64;1.00;23.0;1654.0;18.75;72.75;13.5;0.78;9.82;14.39;18.78;6.32;2.31;142108.0;24.0;24.0;37.0;4580.0;965.44;820.30;2.0;1.0;0;1.0;0;0;1.0;0;0;1.0;0;0;1.0;1.0;0;0;0;0;0
268497;1.95;0.99;23.0;1987.0;18.75;72.75;17.25;2.35;12.74;14.39;25.25;11.22;2.31;142108.0;23.0;23.0;37.0;4566.0;965.48;820.30;2.0;1.0;0;1.0;0;0;1.0;0;0;1.0;0;0;1.0;1.0;0;0;0;0;0
269006;2.17;0.98;22.0;1828.0;18.75;72.75;15.0;2.35;13.95;14.39;17.42;7.30;2.31;142108.0;23.0;23.0;37.0;4533.0;965.44;820.30;2.0;1.0;0;1.0;0;0;1.0;0;0;1.0;0;0;1.0;1.0;0;0;0;0;0
269516;2.13;0.96;22.0;1837.0;18.75;72.75;15.0;2.35;13.87;14.48;13.47;6.60;2.31;142108.0;23.0;23.0;37.0;4515.0;965.48;820.30;2.0;1.0;0;1.0;0;0;1.0;0;0;1.0;0;0;1.0;1.0;0;0;0;0;0
270023;2.14;0.94;23.0;1845.0;18.75;72.75;15.75;2.35;14.28;14.48;8.76;4.51;2.31;142108.0;23.0;23.0;37.0;4511.0;965.48;800.77;2.0;1.0;0;1.0;0;0;1.0;0;0;1.0;0;0;1.0;1.0;0;0;0;0;0
270579;1.35;0.99;22.0;1572.0;18.75;72.75;12.0;0;10.10;14.39;12.30;5.07;2.31;142108.0;23.0;23.0;29.0;4423.0;965.44;820.30;2.0;1.0;0;1.0;0;0;1.0;0;0;1.0;0;0;1.0;1.0;0;0;0;0;0
271087;1.48;0.98;21.0;1645.0;18.75;72.75;13.5;0.39;9.22;14.48;23.02;6.85;2.31;142108.0;22.0;21.0;37.0;4516.0;965.36;820.30;2.0;1.0;0;1.0;0;0;1.0;0;0;1.0;0;0;1.0;1.0;0;0;0;0;0
271599;1.58;0.96;21.0;1681.0;18.75;72.75;13.5;0.78;9.76;14.48;15.87;4.66;2.31;142108.0;21.0;21.0;37.0;4506.0;965.24;781.24;2.0;1.0;0;1.0;0;0;1.0;0;0;1.0;0;0;1.0;1.0;0;0;0;0;0
272107;1.58;0.95;20.0;1643.0;18.75;72.75;13.5;0.78;9.90;14.39;10.93;3.35;2.31;142108.0;20.0;20.0;37.0;4496.0;965.32;761.70;2.0;1.0;0;1.0;0;0;1.0;0;0;1.0;0;0;1.0;1.0;0;0;0;0;0
272614;1.80;0.93;20.0;1564.0;18.75;72.75;13.5;1.56;11.55;14.29;7.51;2.26;2.58;142108.0;20.0;20.0;37.0;4505.0;965.20;781.24;2.0;1.0;0;1.0;0;0;1.0;0;0;1.0;0;0;1.0;1.0;0;0;0;0;0
273124;1.92;0.92;20.0;1575.0;18.75;72.75;13.5;1.96;12.85;14.48;5.15;3.04;2.31;142108.0;20.0;20.0;37.0;4511.0;965.01;781.24;2.0;1.0;0;1.0;0;0;1.0;0;0;1.0;0;0;1.0;1.0;0;0;0;0;0
273632;1.96;0.90;20.0;1591.0;18.75;72.75;13.5;1.96;13.17;14.39;3.51;2.03;2.31;142108.0;21.0;20.0;37.0;4520.0;964.89;761.70;2.0;1.0;0;1.0;0;0;1.0;0;0;1.0;0;0;1.0;1.0;0;0;0;0;0
274143;1.94;0.88;20.0;1609.0;18.75;72.75;13.5;1.96;13.40;14.48;2.38;1.42;2.31;142108.0;21.0;21.0;37.0;4520.0;964.89;742.17;2.0;1.0;0;1.0;0;0;1.0;0;0;1.0;0;0;1.0;1.0;0;0;0;0;0
274651;1.07;0.87;21.0;1621.0;18.75;72.75;12.0;0;9.99;14.48;1.60;2.90;2.31;142108.0;21.0;21.0;29.0;4495.0;964.73;488.27;2.0;1.0;0;1.0;0;0;1.0;0;0;1.0;0;0;1.0;1.0;0;0;0;0;0
275168;1.11;1.00;20.0;1929.0;18.75;72.75;39.75;0;13.69;14.39;4.76;3.96;2.31;142108.0;21.0;21.0;36.0;4528.0;964.62;820.30;2.0;1.0;0;1.0;0;0;1.0;0;0;1.0;0;0;1.0;1.0;0;0;0;0;0
275671;1.45;0.98;17.0;1415.0;18.75;72.75;12.75;0;9.87;14.48;3.41;2.69;2.31;142108.0;18.0;18.0;29.0;4471.0;964.54;820.30;2.0;1.0;0;1.0;0;0;1.0;0;0;1.0;0;0;1.0;1.0;0;0;0;0;0
276221;1.43;0.97;15.0;1320.0;18.75;72.75;13.5;0;9.98;14.39;2.44;2.03;2.31;142108.0;16.0;15.0;29.0;4509.0;964.46;781.24;2.0;1.0;0;1.0;0;0;1.0;0;0;1.0;0;0;1.0;1.0;0;0;0;0;0
276808;1.54;0.95;15.0;1308.0;18.75;72.75;15.0;0;10.29;14.39;16.85;12.24;2.31;142108.0;15.0;15.0;31.0;4500.0;964.42;781.24;2.0;1.0;0;1.0;0;0;1.0;0;0;1.0;0;0;1.0;1.0;0;0;0;0;0
277359;2.42;0.93;15.0;1468.0;18.75;72.75;12.0;2.35;13.69;14.39;98.74;55.73;2.31;142108.0;14.0;15.0;38.0;4527.0;964.38;761.70;2.0;1.0;0;1.0;0;0;1.0;0;0;1.0;0;0;1.0;1.0;0;0;0;0;0
277868;2.79;0.91;16.0;1678.0;18.75;72.75;13.5;4.31;18.68;14.39;68.23;47.61;2.31;142108.0;16.0;16.0;37.0;4559.0;964.38;781.24;2.0;1.0;0;1.0;0;0;1.0;0;0;1.0;0;0;1.0;1.0;0;0;0;0;0
278376;4.05;1.00;18.0;1692.0;18.75;72.75;12.75;7.05;24.49;14.39;47.12;32.86;2.31;142108.0;18.0;18.0;37.0;4550.0;964.38;820.30;2.0;1.0;0;1.0;0;0;1.0;0;0;1.0;0;0;1.0;1.0;0;0;0;0;0
278886;4.52;0.99;21.0;1900.0;18.75;72.75;14.25;11.37;32.03;14.48;32.51;21.52;2.31;142108.0;22.0;22.0;37.0;4493.0;964.34;781.24;2.0;1.0;0;1.0;0;0;1.0;0;0;1.0;0;0;1.0;1.0;0;0;0;0;0
279395;5.47;1.00;27.0;2238.0;18.75;72.75;14.25;19.61;36.39;14.39;22.38;14.06;2.31;142108.0;26.0;27.0;37.0;4401.0;964.34;742.17;2.0;1.0;0;1.0;0;0;1.0;0;0;1.0;0;0;1.0;1.0;0;0;0;0;0
279903;5.48;1.00;33.0;2569.0;18.75;72.75;15.75;26.66;38.09;14.48;13.14;8.22;2.31;142108.0;32.0;33.0;37.0;4378.0;964.46;78.12;2.0;1.0;0;1.0;0;0;1.0;0;0;1.0;0;0;1.0;1.0;0;0;0;0;0
280416;5.21;1.04;40.0;3057.0;18.75;72.75;20.25;24.31;36.42;14.39;8.82;6.15;2.31;142108.0;38.0;40.0;37.0;4554.0;964.50;664.05;2.0;1.0;0;1.0;0;0;1.0;0;0;1.0;0;0;1.0;1.0;0;0;0;0;0
280922;4.84;1.02;43.0;3423.0;18.75;72.75;24.75;22.35;35.34;14.39;3.71;3.92;2.31;142108.0;43.0;44.0;37.0;4562.0;964.42;800.77;2.0;1.0;0;1.0;0;0;1.0;0;0;1.0;0;0;1.0;1.0;0;0;0;0;0
281430;4.25;0.94;48.0;3764.0;18.75;73.5;30.0;20.78;33.09;14.39;1.69;2.79;2.31;142108.0;47.0;48.0;37.0;4556.0;964.42;742.17;2.0;1.0;0;1.0;0;0;1.0;0;0;1.0;0;0;0;1.0;0;0;0;0;0
281943;5.64;1.00;52.0;4047.0;18.75;73.5;27.75;24.31;37.93;14.39;0.58;4.27;2.31;142108.0;51.0;52.0;37.0;4570.0;964.38;781.24;2.0;1.0;0;1.0;0;0;1.0;0;0;1.0;0;0;1.0;1.0;0;0;0;0;0
282452;4.60;1.00;53.0;3259.0;18.75;73.5;26.25;20.00;32.65;14.48;0.17;1.81;2.31;142108.0;52.0;53.0;37.0;4461.0;964.46;742.17;3.0;1.0;0;1.0;0;0;1.0;0;0;1.0;0;0;1.0;1.0;0;0;0;0;0
282962;4.04;0.94;56.0;3486.0;18.75;73.5;28.5;19.21;31.78;14.39;1.60;0.76;2.31;142108.0;55.0;56.0;37.0;4502.0;964.42;742.17;3.0;1.0;0;1.0;0;0;1.0;0;0;1.0;0;0;1.0;1.0;0;0;0;0;0
283472;3.65;0.97;58.0;3583.0;18.75;73.5;33.0;15.29;28.08;14.29;0.62;0.25;2.58;142108.0;58.0;59.0;37.0;4488.0;964.38;800.77;3.0;1.0;0;1.0;0;0;1.0;0;0;1.0;0;0;1.0;1.0;0;0;0;0;0
283979;3.27;0.90;60.0;3707.0;18.75;73.5;34.5;14.51;27.21;14.39;0.19;0;2.31;142108.0;60.0;61.0;37.0;4518.0;964.38;781.24;3.0;1.0;0;1.0;0;0;1.0;0;0;1.0;0;0;1.0;1.0;0;0;0;0;0
284488;2.79;0.83;62.0;3828.0;18.75;73.5;36.75;12.15;25.52;14.29;0;0;2.58;142108.0;61.0;62.0;37.0;4522.0;964.38;664.05;3.0;1.0;0;1.0;0;0;1.0;0;0;1.0;0;0;1.0;1.0;0;0;0;0;0
284998;0;1.00;63.0;3820.0;18.75;73.5;41.25;0;4.61;14.39;1.15;0;2.31;142108.0;62.0;63.0;37.0;4604.0;964.34;58.59;3.0;1.0;0;1.0;0;0;1.0;0;0;0;0;0;1.0;1.0;0;0;0;0;0
285507;3.16;1.00;63.0;3302.0;18.75;73.5;36.0;8.62;20.64;14.48;0.48;2.08;2.31;142108.0;62.0;63.0;37.0;4158.0;964.34;839.83;4.0;1.0;0;1.0;0;0;1.0;0;0;0;0;0;1.0;1.0;0;0;0;0;0
286018;3.16;1.00;63.0;2913.0;18.75;73.5;21.75;5.09;13.40;14.29;1.26;2.42;2.58;142108.0;62.0;63.0;37.0;4204.0;964.34;839.83;5.0;1.0;0;1.0;0;0;1.0;0;0;0;0;0;1.0;1.0;0;0;0;0;0
286528;2.52;1.00;63.0;2918.0;18.75;73.5;29.25;6.27;17.48;14.48;0.58;1.19;2.31;142108.0;63.0;63.0;37.0;4187.0;964.34;820.30;5.0;1.0;0;1.0;0;0;1.0;0;0;0;0;0;1.0;1.0;0;0;0;0;0
287082;2.39;0.96;63.0;2961.0;18.75;73.5;33.75;6.27;17.79;14.48;1.52;1.97;2.31;142108.0;63.0;64.0;37.0;4342.0;964.34;820.30;5.0;1.0;0;1.0;0;0;1.0;0;0;0;0;0;1.0;1.0;0;0;0;0;0
287593;1.57;0.93;63.0;2957.0;18.75;73.5;33.75;3.92;12.70;14.48;0.66;0.95;2.31;142108.0;64.0;64.0;37.0;4469.0;964.34;820.30;5.0;1.0;0;1.0;0;0;1.0;0;0;0;0;0;1.0;1.0;0;0;0;0;0
288101;1.50;0.91;65.0;2998.0;18.75;74.25;33.75;3.52;12.03;14.48;2.14;0.41;2.31;142108.0;64.0;65.0;37.0;4497.0;964.34;820.30;5.0;1.0;0;1.0;0;0;1.0;0;0;0;0;0;1.0;1.0;0;0;0;0;0
288610;1.44;0.89;65.0;2976.0;18.75;74.25;33.75;3.52;11.80;14.20;3.45;1.42;2.58;142108.0;64.0;65.0;37.0;4532.0;964.34;800.77;5.0;1.0;0;1.0;0;0;1.0;0;0;0;0;0;1.0;1.0;0;0;0;0;0
289121;0.82;0.88;63.0;2928.0;18.75;74.25;33.0;1.17;6.36;14.48;1.73;0.66;2.31;142108.0;64.0;64.0;37.0;4529.0;964.34;839.83;5.0;1.0;0;1.0;0;0;1.0;0;0;0;0;0;1.0;1.0;0;0;0;0;0
289630;0.79;1.00;62.0;2896.0;18.75;74.25;-30.0;0;0;14.48;2.14;0.25;2.31;142108.0;62.0;63.0;37.0;4583.0;964.34;624.99;5.0;1.0;0;1.0;0;0;1.0;0;0;0;0;0;1.0;1.0;0;0;0;0;0
290140;0.91;1.00;61.0;2843.0;18.75;74.25;30.0;0.39;6.16;14.48;1.05;0.03;2.31;142108.0;62.0;61.0;37.0;4192.0;964.34;800.77;5.0;1.0;0;1.0;0;0;1.0;0;0;0;0;0;1.0;1.0;0;0;0;0;0
290649;0.98;1.00;60.0;2779.0;18.75;74.25;30.75;0.78;6.31;14.39;1.79;0;2.31;142108.0;60.0;61.0;37.0;4268.0;964.34;839.83;5.0;1.0;0;1.0;0;0;1.0;0;0;0;0;0;1.0;1.0;0;0;0;0;0
291160;1.56;0.99;60.0;2817.0;18.75;74.25;30.75;3.13;10.90;14.39;0.93;0;2.31;142108.0;61.0;61.0;37.0;4377.0;964.34;820.30;5.0;1.0;0;1.0;0;0;1.0;0;0;0;0;0;1.0;1.0;0;0;0;0;0
291670;1.88;0.97;61.0;2823.0;18.75;74.25;31.5;4.31;13.75;14.48;0.39;1.85;2.31;142108.0;61.0;62.0;37.0;4452.0;964.34;820.30;5.0;1.0;0;1.0;0;0;1.0;0;0;0;0;0;1.0;1.0;0;0;0;0;0
292180;0.85;0.95;61.0;2920.0;18.75;75.0;33.0;0.78;6.01;14.48;1.83;0.95;2.31;142108.0;61.0;62.0;36.0;4528.0;964.34;839.83;5.0;1.0;0;1.0;0;0;1.0;0;0;0;0;0;1.0;1.0;0;0;0;0;0
292688;1.02;0.94;61.0;2850.0;18.75;75.0;32.25;1.56;7.72;14.39;2.18;2.63;2.31;142108.0;62.0;62.0;36.0;4512.0;964.34;839.83;5.0;1.0;0;1.0;0;0;1.0;0;0;0;0;0;1.0;1.0;0;0;0;0;0
293198;2.16;1.00;62.0;2779.0;18.75;75.0;33.0;4.70;15.45;14.29;2.96;1.32;2.58;142108.0;62.0;63.0;36.0;4492.0;964.34;820.30;5.0;1.0;0;1.0;0;0;1.0;0;0;0;0;0;1.0;1.0;0;0;0;0;0
293709;2.01;0.97;63.0;2952.0;18.75;75.0;33.0;5.09;15.19;14.48;1.34;0.50;2.31;142108.0;64.0;64.0;36.0;4492.0;964.34;820.30;5.0;1.0;0;1.0;0;0;1.0;0;0;0;0;0;1.0;1.0;0;0;0;0;0
294219;1.80;0.94;65.0;2984.0;18.75;75.0;33.75;4.31;14.19;14.39;0.58;1.50;2.31;142108.0;63.0;65.0;36.0;4522.0;964.34;820.30;5.0;1.0;0;1.0;0;0;1.0;0;0;0;0;0;1.0;1.0;0;0;0;0;0
294729;1.21;0.92;66.0;2990.0;18.75;75.0;33.75;2.74;9.94;14.39;0.23;0.66;2.31;142108.0;65.0;66.0;36.0;4532.0;964.34;820.30;5.0;1.0;0;1.0;0;0;1.0;0;0;0;0;0;1.0;1.0;0;0;0;0;0
295239;1.88;0.90;66.0;3062.0;18.75;75.0;34.5;3.92;12.40;14.39;0;0.27;2.31;142108.0;66.0;66.0;36.0;4485.0;964.34;820.30;5.0;1.0;0;1.0;0;0;1.0;0;0;0;0;0;1.0;1.0;0;0;0;0;0
295748;2.41;0.97;67.0;3130.0;18.75;75.0;36.0;6.66;18.35;14.39;0;0.01;2.31;142108.0;66.0;68.0;36.0;4490.0;964.34;820.30;5.0;1.0;0;1.0;0;0;1.0;0;0;0;0;0;1.0;1.0;0;0;0;0;0
296257;2.35;0.93;68.0;3198.0;18.75;75.0;36.0;7.05;18.88;14.48;0;0;2.31;142108.0;68.0;69.0;36.0;4505.0;964.34;800.77;5.0;1.0;0;1.0;0;0;1.0;0;0;0;0;0;1.0;1.0;0;0;0;0;0
296768;2.44;0.89;70.0;3252.0;18.75;75.0;36.0;8.23;20.23;14.39;0;0;2.31;142108.0;70.0;70.0;36.0;4508.0;964.34;781.24;5.0;1.0;0;1.0;0;0;1.0;0;0;0;0;0;1.0;1.0;0;0;0;0;0
297277;1.16;1.00;70.0;2405.0;18.75;75.0;1.5;0;7.48;14.39;3.59;0;2.31;142108.0;70.0;70.0;47.0;4525.0;964.34;117.18;6.0;1.0;0;1.0;0;0;1.0;0;0;0;0;0;1.0;1.0;0;0;0;0;0
297787;0.96;1.00;68.0;2941.0;18.75;75.0;33.0;0.39;7.90;14.48;1.79;0;2.31;142108.0;69.0;69.0;36.0;4177.0;964.34;761.70;6.0;1.0;0;1.0;0;0;1.0;0;0;0;0;0;1.0;1.0;0;0;0;0;0
298297;0.91;1.00;67.0;2877.0;18.75;75.0;32.25;0.39;6.16;14.39;0.87;2.20;2.31;142108.0;68.0;68.0;36.0;4292.0;964.34;781.24;6.0;1.0;0;1.0;0;0;1.0;0;0;0;0;0;1.0;1.0;0;0;0;0;0
298807;0.89;0.98;66.0;2821.0;18.75;75.0;31.5;0.39;6.24;14.58;0.31;2.79;2.31;142108.0;66.0;67.0;36.0;4406.0;964.34;820.30;6.0;1.0;0;1.0;0;0;1.0;0;0;0;0;0;1.0;1.0;0;0;0;0;0
299317;0.87;0.97;66.0;2790.0;18.75;75.0;31.5;0.39;6.35;14.48;0.07;5.25;2.31;142108.0;66.0;66.0;36.0;4487.0;964.34;800.77;6.0;1.0;0;1.0;0;0;1.0;0;0;0;0;0;1.0;1.0;0;0;0;0;0
299826;1.42;0.95;65.0;2768.0;18.75;75.0;30.75;2.74;10.49;14.48;0;2.71;2.31;142109.0;64.0;65.0;36.0;4485.0;964.50;800.77;6.0;1.0;0;1.0;0;0;1.0;0;0;0;0;0;1.0;1.0;0;0;0;0;0
300338;2.08;0.93;65.0;2743.0;18.75;75.0;30.75;5.09;16.14;14.48;0;2.67;2.31;142109.0;65.0;65.0;36.0;4472.0;964.46;800.77;6.0;1.0;0;1.0;0;0;1.0;0;0;0;0;0;1.0;1.0;0;0;0;0;0
300848;2.01;0.90;66.0;2821.0;18.75;75.0;30.75;5.49;16.07;14.48;0;1.50;2.31;142109.0;65.0;66.0;36.0;4502.0;964.50;742.17;6.0;1.0;0;1.0;0;0;1.0;0;0;0;0;0;1.0;1.0;0;0;0;0;0
301357;1.92;0.87;66.0;2818.0;18.75;75.0;31.5;5.49;16.19;14.39;0;0.70;2.31;142109.0;66.0;66.0;36.0;4516.0;964.58;683.58;6.0;1.0;0;1.0;0;0;1.0;0;0;0;0;0;1.0;1.0;0;0;0;0;0
301867;1.84;0.85;66.0;2848.0;18.75;75.0;31.5;5.49;16.08;14.39;0;0.29;2.31;142109.0;66.0;67.0;36.0;4509.0;964.58;585.93;6.0;1.0;0;1.0;0;0;1.0;0;0;0;0;0;1.0;1.0;0;0;0;0;0
302377;1.63;0.83;66.0;2830.0;18.75;75.0;31.5;4.70;14.49;14.29;0;2.30;2.58;142109.0;66.0;67.0;36.0;4519.0;964.66;624.99;6.0;1.0;0;1.0;0;0;1.0;0;0;0;0;0;1.0;1.0;0;0;0;0;0
302888;1.60;0.83;67.0;2844.0;18.75;75.0;32.25;4.31;14.17;14.48;1.85;1.11;2.31;142109.0;66.0;68.0;36.0;4519.0;964.62;722.64;6.0;1.0;0;1.0;0;0;1.0;0;0;0;0;0;1.0;1.0;0;0;0;0;0
303397;1.64;0.84;67.0;2888.0;18.75;75.0;32.25;4.70;14.32;14.48;0.89;2.20;2.31;142109.0;67.0;68.0;36.0;4510.0;964.73;624.99;6.0;1.0;0;1.0;0;0;1.0;0;0;0;0;0;1.0;1.0;0;0;0;0;0
303908;1.84;0.85;67.0;2912.0;18.75;75.0;32.25;5.49;15.93;14.39;0.33;2.36;2.31;142109.0;67.0;68.0;36.0;4501.0;964.81;703.11;6.0;1.0;0;1.0;0;0;1.0;0;0;0;0;0;1.0;1.0;0;0;0;0;0
304418;1.88;0.84;68.0;2876.0;18.75;75.75;32.25;5.88;16.46;14.48;0.09;2.61;2.31;142109.0;68.0;68.0;36.0;4507.0;964.93;722.64;6.0;1.0;0;1.0;0;0;1.0;0;0;0;0;0;1.0;1.0;0;0;0;0;0
304928;1.88;0.82;68.0;2899.0;18.75;75.75;33.0;5.88;17.09;14.48;1.66;1.30;2.31;142109.0;68.0;69.0;36.0;4521.0;965.12;703.11;6.0;1.0;0;1.0;0;0;1.0;0;0;0;0;0;1.0;1.0;0;0;0;0;0
305438;1.91;0.84;70.0;2933.0;18.75;75.75;33.0;5.88;17.03;14.48;0.72;0.60;2.31;142109.0;69.0;70.0;36.0;4507.0;965.16;664.05;6.0;1.0;0;1.0;0;0;1.0;0;0;0;0;0;1.0;1.0;0;0;0;0;0
306024;1.80;0.85;70.0;2966.0;18.75;75.75;33.75;5.49;15.92;14.39;2.18;2.49;2.31;142109.0;70.0;70.0;36.0;4515.0;965.28;761.70;6.0;1.0;0;1.0;0;0;1.0;0;0;0;0;0;1.0;1.0;0;0;0;0;0
306738;1.60;0.81;70.0;2985.0;18.75;75.75;33.75;4.70;14.77;14.48;0.89;1.03;2.31;142109.0;69.0;70.0;36.0;4520.0;965.36;605.46;6.0;1.0;0;1.0;0;0;1.0;0;0;0;0;0;1.0;1.0;0;0;0;0;0
307270;1.49;0.81;70.0;2980.0;18.75;75.75;33.75;4.31;13.51;14.48;0.27;0.29;2.31;142109.0;69.0;70.0;36.0;4514.0;965.44;273.43;6.0;1.0;0;1.0;0;0;1.0;0;0;0;0;0;1.0;1.0;0;0;0;0;0
307781;1.36;0.83;70.0;2963.0;18.75;75.75;33.75;3.52;12.11;14.29;0.03;0.05;2.58;142109.0;69.0;70.0;36.0;4526.0;965.48;136.71;6.0;1.0;0;1.0;0;0;1.0;0;0;0;0;0;1.0;1.0;0;0;0;0;0
308291;2.16;0.84;68.0;2928.0;18.75;75.75;33.0;5.49;15.87;14.48;0;0;2.31;142109.0;67.0;68.0;36.0;4479.0;965.52;820.30;6.0;1.0;0;1.0;0;0;1.0;0;0;0;0;0;1.0;1.0;0;0;0;0;0
308801;2.71;0.97;68.0;2887.0;18.75;75.75;33.0;7.84;20.65;14.48;0;1.07;2.31;142109.0;68.0;69.0;36.0;4479.0;965.52;820.30;6.0;1.0;0;1.0;0;0;1.0;0;0;0;0;0;1.0;1.0;0;0;0;0;0
309311;2.60;0.93;68.0;2933.0;18.75;75.75;33.0;8.23;21.05;14.48;1.23;0.44;2.31;142109.0;69.0;69.0;36.0;4509.0;965.52;800.77;6.0;1.0;0;1.0;0;0;1.0;0;0;0;0;0;1.0;1.0;0;0;0;0;0
309821;1.88;0.99;68.0;2935.0;18.75;75.75;33.0;4.70;14.23;14.48;0.56;0.17;2.31;142109.0;69.0;69.0;36.0;4528.0;965.55;839.83;6.0;1.0;0;1.0;0;0;1.0;0;0;0;0;0;1.0;1.0;0;0;0;0;0
310333;1.76;0.97;68.0;2928.0;18.75;75.75;33.0;4.31;13.60;14.58;1.64;1.32;2.31;142109.0;69.0;69.0;36.0;4520.0;965.55;820.30;6.0;1.0;0;1.0;0;0;1.0;0;0;0;0;0;1.0;1.0;0;0;0;0;0
310842;1.72;0.94;68.0;2924.0;18.75;75.75;33.0;3.92;13.51;14.20;2.85;0.62;2.58;142109.0;68.0;68.0;36.0;4519.0;965.55;820.30;6.0;1.0;0;1.0;0;0;1.0;0;0;0;0;0;1.0;1.0;0;0;0;0;0
311399;1.64;0.92;67.0;2890.0;18.75;75.75;32.25;3.92;13.20;14.39;1.42;0.25;2.31;142109.0;66.0;68.0;36.0;4524.0;965.55;800.77;6.0;1.0;0;1.0;0;0;1.0;0;0;0;0;0;1.0;1.0;0;0;0;0;0
311912;1.59;0.90;67.0;2860.0;18.75;75.75;31.5;3.92;12.94;14.48;0.58;0;2.31;142109.0;66.0;67.0;36.0;4517.0;965.55;800.77;6.0;1.0;0;1.0;0;0;1.0;0;0;0;0;0;1.0;1.0;0;0;0;0;0
312420;1.38;0.88;66.0;2839.0;18.75;75.75;31.5;3.13;11.40;14.39;0.23;0;2.31;142109.0;66.0;67.0;36.0;4518.0;965.55;761.70;6.0;1.0;0;1.0;0;0;1.0;0;0;0;0;0;1.0;1.0;0;0;0;0;0
312930;0.77;1.00;66.0;2792.0;18.75;75.75;17.25;0;9.93;14.48;0;0;2.31;142109.0;65.0;66.0;36.0;4536.0;965.55;703.11;6.0;1.0;0;1.0;0;0;1.0;0;0;0;0;0;1.0;1.0;0;0;0;0;0
313440;0.79;1.00;65.0;2756.0;18.75;75.75;16.5;0;9.71;14.48;2.20;0;2.31;142109.0;64.0;65.0;36.0;4529.0;965.55;703.11;6.0;1.0;0;1.0;0;0;1.0;0;0;0;0;0;1.0;1.0;0;0;0;0;0
313953;0.80;1.00;62.0;2681.0;18.75;75.75;15.75;0;9.69;14.48;1.07;0;2.31;142109.0;63.0;63.0;36.0;4518.0;965.55;703.11;6.0;1.0;0;1.0;0;0;1.0;0;0;0;0;0;1.0;1.0;0;0;0;0;0
314462;0.82;1.00;61.0;2601.0;18.75;75.75;15.0;0;9.69;14.39;2.22;0;2.31;142109.0;61.0;62.0;36.0;4521.0;965.55;742.17;6.0;1.0;0;1.0;0;0;1.0;0;0;0;0;0;1.0;1.0;0;0;0;0;0
314971;0.81;1.00;60.0;2578.0;18.75;76.5;15.75;0;9.78;14.48;52.14;66.98;2.31;142109.0;60.0;60.0;35.0;4514.0;965.55;722.64;6.0;1.0;0;1.0;0;0;1.0;0;0;0;0;0;1.0;1.0;0;0;0;0;0
315483;0.84;1.00;58.0;2499.0;18.75;76.5;15.0;0;9.71;14.48;189.90;189.20;2.31;142109.0;58.0;59.0;35.0;4510.0;965.55;722.64;6.0;1.0;0;1.0;0;0;1.0;0;0;0;0;0;1.0;1.0;0;0;0;0;0
315992;0.82;1.00;57.0;2409.0;18.75;76.5;15.0;0;9.73;14.48;239.45;228.22;2.31;142109.0;57.0;57.0;35.0;4538.0;965.55;742.17;6.0;1.0;0;1.0;0;0;1.0;0;0;1.0;0;0;1.0;1.0;0;0;0;0;0
316502;0.88;1.00;56.0;2373.0;18.75;76.5;14.25;0;9.67;14.39;201.94;214.94;2.31;142109.0;55.0;56.0;28.0;4534.0;965.55;566.39;6.0;1.0;0;1.0;0;0;1.0;0;0;1.0;0;0;1.0;1.0;0;0;0;0;0
317014;0.84;1.00;55.0;2301.0;18.75;76.5;15.0;0;9.64;14.39;132.51;149.32;2.31;142109.0;55.0;54.0;27.0;4530.0;965.55;0;6.0;1.0;0;1.0;0;0;1.0;0;0;1.0;0;0;1.0;1.0;0;0;0;0;0
317524;1.33;1.00;52.0;2258.0;18.75;76.5;20.25;1.56;8.56;14.29;96.59;94.09;2.58;142109.0;53.0;53.0;35.0;4539.0;965.55;683.58;6.0;1.0;0;1.0;0;0;1.0;0;0;1.0;0;0;1.0;1.0;0;0;0;0;0
318034;2.92;0.99;52.0;2216.0;18.75;76.5;1.5;5.88;13.43;14.39;131.28;107.68;2.31;142109.0;52.0;53.0;35.0;4513.0;965.55;820.30;6.0;1.0;0;1.0;0;0;1.0;0;0;1.0;0;0;1.0;1.0;0;0;0;0;0
318545;2.15;0.97;52.0;2244.0;18.75;76.5;9.75;3.92;13.36;14.48;146.80;117.18;2.31;142109.0;53.0;53.0;35.0;4503.0;965.55;781.24;6.0;1.0;0;1.0;0;0;1.0;0;0;1.0;0;0;1.0;1.0;0;0;0;0;0
319057;0.92;1.00;52.0;2209.0;18.75;76.5;13.5;0;9.80;14.48;124.11;101.77;2.31;142109.0;52.0;52.0;28.0;4512.0;965.55;761.70;6.0;1.0;0;1.0;0;0;1.0;0;0;1.0;0;0;1.0;1.0;0;0;0;0;0
319565;0.95;1.00;50.0;2159.0;18.75;76.5;12.75;0;9.71;14.48;80.20;68.66;2.31;142109.0;51.0;50.0;28.0;4508.0;965.55;449.21;6.0;1.0;0;1.0;0;0;1.0;0;0;1.0;0;0;1.0;1.0;0;0;0;0;0
320076;0.98;1.00;48.0;2096.0;18.75;76.5;12.0;0;9.75;14.39;72.33;45.83;2.31;142109.0;49.0;49.0;28.0;4516.0;965.55;0;6.0;1.0;0;1.0;0;0;1.0;0;0;1.0;0;0;1.0;1.0;0;0;0;0;0
320587;0.99;1.00;47.0;2070.0;18.75;76.5;12.0;0;9.62;14.39;43.94;28.68;2.31;142109.0;48.0;48.0;27.0;4506.0;965.55;0;6.0;1.0;0;1.0;0;0;1.0;0;0;1.0;0;0;1.0;1.0;0;0;0;0;0
321099;0.99;1.00;47.0;2024.0;18.75;76.5;12.0;0;9.75;14.39;34.41;39.13;2.31;142109.0;47.0;47.0;27.0;4510.0;965.55;0;6.0;1.0;0;1.0;0;0;1.0;0;0;1.0;0;0;1.0;1.0;0;0;0;0;0
321609;3.24;0.99;46.0;1895.0;18.75;77.25;-0.75;4.70;12.55;14.39;118.27;106.28;2.31;142109.0;46.0;46.0;35.0;4537.0;965.55;839.83;6.0;1.0;0;1.0;0;0;1.0;0;0;1.0;0;0;1.0;1.0;0;0;0;0;0
322118;2.72;0.97;47.0;1998.0;18.75;77.25;6.0;4.70;14.57;14.48;156.59;195.39;2.31;142109.0;47.0;47.0;35.0;4508.0;965.55;781.24;6.0;1.0;0;1.0;0;0;1.0;0;0;1.0;0;0;1.0;1.0;0;0;0;0;0
322630;2.07;0.96;47.0;2001.0;18.75;77.25;12.0;2.35;13.08;14.39;209.28;259.59;2.31;142109.0;46.0;47.0;35.0;4502.0;965.55;820.30;6.0;1.0;0;1.0;0;0;1.0;0;0;1.0;0;0;1.0;1.0;0;0;0;0;0
323140;1.04;1.00;46.0;1939.0;18.75;77.25;12.0;0;9.81;14.48;174.42;226.52;2.31;142109.0;46.0;46.0;28.0;4491.0;965.55;820.30;6.0;1.0;0;1.0;0;0;1.0;0;0;1.0;0;0;1.0;1.0;0;0;0;0;0
323650;2.47;0.99;45.0;1885.0;18.75;77.25;7.5;2.74;10.95;14.39;140.85;222.97;2.31;142109.0;45.0;45.0;35.0;4538.0;965.55;820.30;6.0;1.0;0;1.0;0;0;1.0;0;0;1.0;0;0;1.0;1.0;0;0;0;0;0
324207;3.04;0.99;45.0;1919.0;18.75;77.25;4.5;5.09;15.77;14.48;199.32;237.71;2.31;142109.0;45.0;45.0;35.0;4523.0;965.55;820.30;6.0;1.0;0;1.0;0;0;1.0;0;0;1.0;0;0;1.0;1.0;0;0;0;0;0
324718;3.52;0.96;46.0;1984.0;18.75;77.25;15.0;7.84;24.30;14.48;208.03;237.85;2.31;142109.0;46.0;46.0;35.0;4497.0;965.55;800.77;6.0;1.0;0;1.0;0;0;1.0;0;0;1.0;0;0;1.0;1.0;0;0;0;0;0
325228;3.28;0.94;47.0;2043.0;18.75;77.25;17.25;7.84;23.77;14.29;137.23;156.00;2.58;142109.0;48.0;48.0;35.0;4505.0;965.55;781.24;6.0;1.0;0;1.0;0;0;1.0;0;0;1.0;0;0;1.0;1.0;0;0;0;0;0
325739;3.16;0.92;48.0;2057.0;18.75;77.25;18.75;7.45;23.68;14.39;112.08;143.97;2.31;142109.0;48.0;49.0;35.0;4505.0;965.55;742.17;6.0;1.0;0;1.0;0;0;1.0;0;0;1.0;0;0;1.0;1.0;0;0;0;0;0
326249;2.92;0.89;50.0;2130.0;18.75;77.25;19.5;7.05;22.70;14.48;146.04;213.63;2.31;142109.0;49.0;50.0;35.0;4518.0;965.55;605.46;6.0;1.0;0;1.0;0;0;1.0;0;0;1.0;0;0;1.0;1.0;0;0;0;0;0
326760;2.72;0.89;50.0;2170.0;18.75;77.25;20.25;6.27;21.38;14.39;205.67;270.97;2.31;142109.0;50.0;51.0;35.0;4519.0;965.55;117.18;6.0;1.0;0;1.0;0;0;1.0;0;0;1.0;0;0;1.0;1.0;0;0;0;0;0
327272;2.68;0.91;51.0;2170.0;18.75;77.25;20.25;5.88;20.40;14.29;252.07;306.66;2.58;142109.0;51.0;51.0;35.0;4512.0;965.55;761.70;6.0;1.0;0;1.0;0;0;1.0;0;0;1.0;0;0;1.0;1.0;0;0;0;0;0
327782;2.48;0.89;51.0;2204.0;18.75;77.25;21.0;5.09;19.40;14.39;260.58;310.25;2.31;142109.0;51.0;52.0;35.0;4512.0;965.55;546.86;6.0;1.0;0;1.0;0;0;1.0;0;0;1.0;0;0;1.0;1.0;0;0;0;0;0
328293;2.36;0.88;52.0;2204.0;18.75;77.25;21.0;4.70;18.69;14.48;293.57;319.53;2.31;142109.0;52.0;52.0;35.0;4519.0;965.55;58.59;6.0;1.0;0;1.0;0;0;1.0;0;0;1.0;0;0;1.0;1.0;0;0;0;0;0
328802;2.31;0.90;52.0;2266.0;18.75;77.25;21.75;4.70;18.02;14.39;314.15;336.48;2.31;142109.0;52.0;53.0;35.0;4505.0;965.55;566.39;6.0;1.0;0;1.0;0;0;1.0;0;0;1.0;0;0;1.0;1.0;0;0;0;0;0
329314;2.2;0.90;53.0;2267.0;18.75;77.25;21.75;4.31;16.87;14.48;307.75;337.79;2.31;142109.0;53.0;53.0;35.0;4501.0;965.55;761.70;6.0;1.0;0;1.0;0;0;1.0;0;0;1.0;0;0;1.0;1.0;0;0;0;0;0
329824;2.12;0.87;53.0;2269.0;18.75;77.25;22.5;4.31;16.78;14.48;298.73;324.47;2.31;142109.0;53.0;54.0;35.0;4506.0;965.55;664.05;6.0;1.0;0;1.0;0;0;1.0;0;0;1.0;0;0;1.0;1.0;0;0;0;0;0
330335;1.94;0.85;53.0;2304.0;18.75;77.25;22.5;3.92;16.04;14.39;310.29;327.49;2.31;142109.0;53.0;54.0;35.0;4509.0;965.55;58.59;6.0;1.0;0;1.0;0;0;1.0;0;0;1.0;0;0;1.0;1.0;0;0;0;0;0
330847;1.88;0.87;55.0;2326.0;18.75;77.25;22.5;3.52;15.08;14.48;307.48;313.67;2.31;142109.0;54.0;55.0;35.0;4514.0;965.55;605.46;6.0;1.0;0;1.0;0;0;1.0;0;0;1.0;0;0;1.0;1.0;0;0;0;0;0
331357;1.81;0.88;53.0;2325.0;18.75;77.25;22.5;3.13;14.08;14.39;295.91;256.56;2.31;142109.0;54.0;54.0;35.0;4505.0;965.55;781.24;6.0;1.0;0;1.0;0;0;1.0;0;0;1.0;0;0;1.0;1.0;0;0;0;0;0
331866;1.28;0.86;53.0;2313.0;18.75;77.25;22.5;1.56;10.08;14.39;305.70;268.14;2.31;142109.0;54.0;54.0;35.0;4528.0;965.55;839.83;6.0;1.0;0;1.0;0;0;1.0;0;0;1.0;0;0;0;1.0;0;0;0;0;0
332378;1.09;0.85;53.0;2314.0;18.75;77.25;22.5;0.78;8.34;14.48;332.01;321.63;2.31;142109.0;54.0;54.0;35.0;4513.0;965.55;820.30;6.0;1.0;0;1.0;0;0;1.0;0;0;1.0;0;0;1.0;1.0;0;0;0;0;0
332889;0.92;1.00;52.0;2248.0;18.75;77.25;13.5;0;9.75;14.39;260.00;273.92;2.31;142109.0;52.0;53.0;28.0;4514.0;965.55;703.11;6.0;1.0;0;1.0;0;0;1.0;0;0;1.0;0;0;1.0;1.0;0;0;0;0;0
333398;0.93;1.00;51.0;2199.0;18.75;77.25;12.75;0;9.62;14.48;214.69;296.34;2.31;142109.0;52.0;51.0;27.0;4525.0;965.55;644.52;6.0;1.0;0;1.0;0;0;1.0;0;0;1.0;0;0;1.0;1.0;0;0;0;0;0
333909;0.96;1.00;50.0;2124.0;18.75;77.25;12.75;0;9.62;14.48;237.36;318.71;2.31;142109.0;50.0;50.0;27.0;4515.0;965.55;117.18;6.0;1.0;0;1.0;0;0;1.0;0;0;1.0;0;0;1.0;1.0;0;0;0;0;0
334419;0.94;1.00;48.0;2073.0;18.75;77.25;12.0;0;9.61;14.39;177.60;329.62;2.31;142109.0;48.0;48.0;27.0;4509.0;965.55;39.06;6.0;1.0;0;1.0;0;0;1.0;0;0;1.0;0;0;1.0;1.0;0;0;0;0;0
334932;1.07;1.00;45.0;1922.0;18.75;77.25;12.0;0;9.63;14.39;140.59;269.37;2.31;142109.0;46.0;46.0;27.0;4517.0;965.55;0;6.0;1.0;0;1.0;0;0;1.0;0;0;1.0;0;0;1.0;1.0;0;0;0;0;0
335440;1.08;1.00;42.0;1818.0;18.75;78.0;12.75;0;9.52;14.48;140.45;234.67;2.31;142109.0;43.0;43.0;26.0;4521.0;965.55;19.53;6.0;1.0;0;1.0;0;0;1.0;0;0;1.0;0;0;1.0;1.0;0;0;0;0;0
335950;1.08;1.00;41.0;1777.0;18.75;78.0;12.0;0;9.43;14.48;140.38;229.53;2.31;142109.0;41.0;41.0;26.0;4487.0;965.55;742.17;6.0;1.0;0;1.0;0;0;1.0;0;0;1.0;0;0;1.0;1.0;0;0;0;0;0
336531;1.16;0.99;38.0;1659.0;18.75;78.0;12.75;0;9.46;14.48;178.75;180.55;2.31;142109.0;39.0;39.0;28.0;4503.0;965.55;781.24;6.0;1.0;0;1.0;0;0;1.0;0;0;1.0;0;0;1.0;1.0;0;0;0;0;0
337114;1.21;0.97;37.0;1586.0;18.75;78.0;12.0;0;9.55;14.48;139.46;155.40;2.31;142109.0;37.0;37.0;27.0;4509.0;965.55;781.24;6.0;1.0;0;1.0;0;0;1.0;0;0;1.0;0;0;1.0;1.0;0;0;0;0;0
337623;1.32;0.95;35.0;1413.0;18.75;78.0;12.0;0;9.52;14.39;173.25;173.28;2.31;142109.0;34.0;35.0;27.0;4483.0;965.55;800.77;6.0;1.0;0;1.0;0;0;1.0;0;0;1.0;0;0;1.0;1.0;0;0;0;0;0
338136;1.34;0.94;32.0;1331.0;18.75;78.0;12.0;0;9.45;14.39;225.31;217.77;2.31;142109.0;32.0;33.0;27.0;4483.0;965.55;664.05;6.0;1.0;0;1.0;0;0;1.0;0;0;1.0;0;0;1.0;1.0;0;0;0;0;0
338645;1.40;0.94;30.0;1288.0;18.75;78.0;13.5;0;9.67;14.48;240.57;257.77;2.31;142109.0;29.0;30.0;27.0;4508.0;965.55;19.53;6.0;1.0;0;1.0;0;0;1.0;0;0;1.0;0;0;1.0;1.0;0;0;0;0;0
339168;1.44;0.95;26.0;1242.0;18.75;78.0;17.25;0;10.28;14.39;204.94;212.07;2.31;142109.0;26.0;27.0;28.0;4505.0;965.55;19.53;6.0;1.0;0;1.0;0;0;1.0;0;0;1.0;0;0;1.0;1.0;0;0;0;0;0
339666;1.51;0.97;22.0;1274.0;18.75;78.0;15.0;0;9.97;14.29;149.38;154.56;2.58;142109.0;22.0;23.0;29.0;4527.0;965.55;19.53;6.0;1.0;0;1.0;0;0;1.0;0;0;1.0;0;0;1.0;1.0;0;0;0;0;0
340176;1.48;0.98;18.0;1276.0;18.75;78.0;14.25;0;9.99;14.39;121.75;112.64;2.31;142109.0;19.0;19.0;29.0;4528.0;965.55;683.58;6.0;1.0;0;1.0;0;0;1.0;0;0;1.0;0;0;1.0;1.0;0;0;0;0;0
340687;1.50;0.97;16.0;1310.0;18.75;78.0;12.0;0;9.67;14.29;88.72;86.53;2.58;142109.0;17.0;17.0;29.0;4500.0;965.55;722.64;6.0;1.0;0;1.0;0;0;1.0;0;0;1.0;0;0;1.0;1.0;0;0;0;0;0
341198;1.36;0.95;15.0;1338.0;18.75;78.0;12.0;0;9.71;14.48;68.14;66.44;2.31;142109.0;14.0;15.0;29.0;4514.0;965.55;195.31;6.0;1.0;0;1.0;0;0;1.0;0;0;1.0;0;0;1.0;1.0;0;0;0;0;0
341729;1.50;0.96;11.0;1276.0;18.75;78.0;14.25;0;10.06;14.39;52.34;48.39;2.31;142109.0;12.0;12.0;29.0;4514.0;965.55;19.53;6.0;1.0;0;1.0;0;0;1.0;0;0;1.0;0;0;1.0;1.0;0;0;0;0;0
342219;1.44;0.98;10.0;1281.0;18.75;78.0;13.5;0;9.94;14.39;38.10;37.14;2.31;142109.0;10.0;10.0;29.0;4516.0;965.55;58.59;5.0;1.0;0;1.0;0;0;1.0;0;0;1.0;0;0;1.0;1.0;0;0;0;0;0
342731;1.52;1.00;8.0;1279.0;18.75;78.0;13.5;0;9.91;14.39;31.44;27.04;2.31;142109.0;8.0;8.0;28.0;4524.0;965.55;664.05;5.0;1.0;0;1.0;0;0;1.0;0;0;1.0;0;0;1.0;1.0;0;0;0;0;0
343241;1.36;0.98;7.0;1316.0;18.75;78.0;11.25;0;9.37;14.39;22.86;20.74;2.31;142109.0;8.0;8.0;27.0;4517.0;965.55;800.77;4.0;1.0;0;1.0;0;0;1.0;0;0;1.0;0;0;1.0;1.0;0;0;0;0;0
343752;1.89;0.96;7.0;1234.0;18.75;78.0;12.75;0.78;11.71;14.48;17.51;17.88;2.31;142109.0;8.0;8.0;37.0;4510.0;965.55;292.96;4.0;1.0;0;1.0;0;0;1.0;0;0;1.0;0;0;1.0;1.0;0;0;0;0;0
344264;2.0;0.98;8.0;1415.0;18.75;78.0;12.75;1.17;10.85;14.48;21.44;19.90;2.31;142109.0;9.0;9.0;35.0;4488.0;965.55;820.30;4.0;1.0;0;1.0;0;0;1.0;0;0;1.0;0;0;1.0;1.0;0;0;0;0;0
344775;1.89;0.96;10.0;1357.0;18.75;78.0;12.75;1.17;11.83;14.39;81.65;119.60;2.31;142109.0;10.0;10.0;35.0;4548.0;965.55;859.36;4.0;1.0;0;1.0;0;0;1.0;0;0;1.0;0;0;1.0;1.0;0;0;0;0;0
345288;1.35;0.94;10.0;1283.0;18.75;78.0;12.0;0;9.55;14.48;122.00;161.76;2.31;142109.0;10.0;10.0;27.0;4519.0;965.55;800.77;3.0;1.0;0;1.0;0;0;1.0;0;0;1.0;0;0;1.0;1.0;0;0;0;0;0
345796;1.46;0.93;10.0;1289.0;18.75;78.0;13.5;0;9.79;14.29;88.88;139.44;2.58;142109.0;10.0;10.0;28.0;4513.0;965.55;605.46;3.0;1.0;0;1.0;0;0;1.0;0;0;1.0;0;0;1.0;1.0;0;0;0;0;0
346308;1.33;0.93;10.0;1276.0;18.75;78.0;14.25;0;9.92;14.48;68.25;101.61;2.31;142109.0;10.0;10.0;28.0;4506.0;965.55;19.53;3.0;1.0;0;1.0;0;0;1.0;0;0;1.0;0;0;1.0;1.0;0;0;0;0;0
346819;1.58;0.94;11.0;1229.0;19.5;78.0;20.25;0;10.76;14.39;52.39;78.04;2.31;142109.0;11.0;11.0;30.0;4495.0;965.55;39.06;2.0;1.0;0;1.0;0;0;1.0;0;0;1.0;0;0;1.0;1.0;0;0;0;0;0
347377;1.48;0.96;11.0;1285.0;19.5;78.75;13.5;0;9.95;14.39;69.99;78.41;2.31;142109.0;10.0;11.0;29.0;4511.0;965.55;58.59;2.0;1.0;0;1.0;0;0;1.0;0;0;1.0;0;0;1.0;1.0;0;0;0;0;0
347887;1.37;0.98;10.0;1312.0;19.5;78.75;12.0;0;9.63;14.48;50.99;54.17;2.31;142109.0;10.0;10.0;28.0;4511.0;965.55;449.21;2.0;1.0;0;1.0;0;0;1.0;0;0;1.0;0;0;1.0;1.0;0;0;1.0;0;0
348398;1.47;0.97;8.0;1312.0;19.5;78.75;12.0;0;9.61;14.39;37.12;41.57;2.31;142109.0;9.0;9.0;28.0;4506.0;965.55;97.65;0;1.0;0;1.0;0;0;1.0;0;0;1.0;0;0;1.0;1.0;0;0;0;0;0
348909;1.38;0.98;8.0;1334.0;19.5;78.75;11.25;0;9.37;14.29;30.70;30.25;2.58;142109.0;8.0;8.0;28.0;4504.0;965.55;78.12;1.0;1.0;0;1.0;0;0;1.0;0;0;1.0;0;0;1.0;1.0;0;0;0;0;0
349421;1.49;0.98;8.0;1313.0;19.5;78.75;12.0;0;9.59;14.29;22.34;23.20;2.58;142109.0;9.0;9.0;28.0;4510.0;965.55;683.58;1.0;1.0;0;1.0;0;0;1.0;0;0;1.0;0;0;1.0;1.0;0;0;0;0;0
349932;1.46;0.97;8.0;1289.0;19.5;78.75;12.75;0;9.72;14.39;17.12;18.76;2.31;142109.0;9.0;9.0;28.0;4509.0;965.55;781.24;1.0;1.0;0;1.0;0;0;1.0;0;0;1.0;0;0;1.0;1.0;0;0;0;0;0
350443;1.50;0.95;8.0;1243.0;19.5;78.75;16.5;0;10.26;14.39;15.23;13.63;2.31;142109.0;9.0;9.0;29.0;4506.0;965.55;800.77;1.0;1.0;0;1.0;0;0;1.0;0;0;1.0;0;0;1.0;1.0;0;0;0;0;0
350954;1.42;0.94;8.0;1274.0;19.5;78.75;14.25;0;10.00;14.39;11.05;12.79;2.31;142109.0;9.0;9.0;29.0;4503.0;965.55;253.90;1.0;1.0;0;1.0;0;0;1.0;0;0;1.0;0;0;1.0;1.0;0;0;0;0;0
351466;1.44;0.95;6.0;1317.0;19.5;78.75;11.25;0;9.42;14.39;7.98;8.78;2.31;142109.0;6.0;6.0;28.0;4516.0;965.55;39.06;1.0;1.0;0;1.0;0;0;1.0;0;0;1.0;0;0;1.0;1.0;0;0;0;0;0
351976;1.41;0.96;6.0;1339.0;19.5;78.75;10.5;0;9.30;14.39;6.13;6.71;2.31;142109.0;7.0;6.0;28.0;4506.0;965.55;58.59;1.0;1.0;0;1.0;0;0;1.0;0;0;1.0;0;0;1.0;1.0;0;0;0;0;0
352488;1.76;0.98;7.0;1269.0;19.5;78.75;12.75;0.39;10.68;14.39;4.41;5.11;2.31;142109.0;8.0;6.0;34.0;4509.0;965.55;292.96;1.0;1.0;0;1.0;0;0;1.0;0;0;1.0;0;0;1.0;1.0;0;0;0;0;0
353001;1.40;0.98;6.0;1380.0;19.5;78.75;9.0;0;9.45;14.39;15.87;10.23;2.31;142109.0;6.0;6.0;28.0;4533.0;965.55;878.89;1.0;1.0;0;1.0;0;0;1.0;0;0;1.0;0;0;1.0;1.0;0;0;0;0;0
353510;1.40;0.96;6.0;1272.0;19.5;78.75;12.75;0;9.97;14.48;16.17;36.52;2.31;142109.0;6.0;6.0;29.0;4514.0;965.55;839.83;1.0;1.0;0;1.0;0;0;1.0;0;0;1.0;0;0;1.0;1.0;0;0;0;0;0
354021;1.59;0.94;6.0;1211.0;19.5;78.75;19.5;0;10.81;14.39;12.36;26.58;2.31;142109.0;6.0;6.0;29.0;4516.0;965.55;722.64;1.0;1.0;0;1.0;0;0;1.0;0;0;1.0;0;0;1.0;1.0;0;0;0;0;0
354533;1.49;0.95;6.0;1274.0;19.5;78.75;14.25;0;10.14;14.39;11.56;22.38;2.31;142109.0;6.0;6.0;29.0;4512.0;965.55;664.05;1.0;1.0;0;1.0;0;0;1.0;0;0;1.0;0;0;1.0;1.0;0;0;0;0;0
355044;1.44;0.94;6.0;1260.0;19.5;78.75;15.75;0;10.30;14.39;8.37;19.15;2.31;142109.0;6.0;6.0;29.0;4525.0;965.55;39.06;1.0;1.0;0;1.0;0;0;1.0;0;0;1.0;0;0;1.0;1.0;0;0;0;0;0
355555;1.41;0.95;6.0;1267.0;19.5;78.75;15.0;0;10.17;14.39;8.06;15.19;2.31;142109.0;6.0;6.0;29.0;4516.0;965.55;117.18;1.0;1.0;0;1.0;0;0;1.0;0;0;1.0;0;0;1.0;1.0;0;0;0;0;0
356067;1.50;0.97;5.0;1304.0;19.5;78.75;12.0;0;9.74;14.39;5.80;11.63;2.31;142109.0;5.0;4.0;29.0;4505.0;965.55;58.59;1.0;1.0;0;1.0;0;0;1.0;0;0;1.0;0;0;1.0;1.0;0;0;0;0;0
356578;1.41;0.98;5.0;1310.0;19.5;78.75;12.0;0;9.68;14.39;6.75;8.43;2.31;142109.0;5.0;4.0;29.0;4528.0;965.55;39.06;1.0;1.0;0;1.0;0;0;1.0;0;0;1.0;0;0;1.0;1.0;0;0;0;0;0
357092;1.54;1.00;5.0;1220.0;19.5;78.75;20.25;0;10.85;14.39;5.15;6.46;2.31;142109.0;5.0;4.0;30.0;4503.0;965.55;546.86;1.0;1.0;0;1.0;0;0;1.0;0;0;1.0;0;0;1.0;1.0;0;0;0;0;0
357603;1.57;0.99;5.0;1279.0;19.5;78.75;15.0;0;10.18;14.39;12.16;20.03;2.31;142109.0;6.0;4.0;30.0;4505.0;965.55;820.30;1.0;1.0;0;1.0;0;0;1.0;0;0;1.0;0;0;1.0;1.0;0;0;0;0;0
358111;1.48;0.97;5.0;1303.0;19.5;78.75;12.75;0;9.92;14.48;48.76;56.03;2.31;142109.0;5.0;5.0;30.0;4519.0;965.55;839.83;1.0;1.0;0;1.0;0;0;1.0;0;0;1.0;0;0;1.0;1.0;0;0;0;0;0
358624;1.53;0.96;5.0;1288.0;19.5;78.75;14.25;0;10.19;14.29;73.10;127.66;2.58;142109.0;5.0;5.0;30.0;4509.0;965.55;781.24;1.0;1.0;0;1.0;0;0;1.0;0;0;1.0;0;0;1.0;1.0;0;0;0;0;0
359134;1.45;0.94;6.0;1271.0;19.5;78.75;15.0;0;10.29;14.29;81.55;158.27;2.58;142109.0;6.0;5.0;30.0;4507.0;965.55;742.17;1.0;1.0;0;1.0;0;0;1.0;0;0;1.0;0;0;1.0;1.0;0;0;0;0;0
359649;1.48;0.93;6.0;1273.0;19.5;78.75;15.0;0;10.29;14.39;74.70;155.36;2.31;142109.0;7.0;5.0;30.0;4528.0;965.55;117.18;1.0;1.0;0;1.0;0;0;1.0;0;0;1.0;0;0;1.0;1.0;0;0;0;0;0
360160;1.48;0.94;6.0;1274.0;19.5;78.75;15.75;0;10.45;14.48;76.65;151.20;2.31;142109.0;6.0;6.0;31.0;4498.0;965.55;39.06;1.0;1.0;0;1.0;0;0;1.0;0;0;1.0;0;0;1.0;1.0;0;0;0;0;0
360671;1.56;0.95;3.0;1261.0;19.5;78.75;17.25;0;10.73;14.39;75.03;137.47;2.31;142109.0;4.0;4.0;31.0;4504.0;965.55;703.11;1.0;1.0;0;1.0;0;0;1.0;0;0;1.0;0;0;1.0;1.0;0;0;0;0;0
361180;1.41;0.93;0;1317.0;19.5;78.75;12.0;0;9.98;14.48;77.74;137.66;2.31;142109.0;0;0;30.0;4511.0;965.55;507.80;1.0;1.0;0;1.0;0;0;1.0;0;0;1.0;0;0;1.0;1.0;0;0;0;0;0
361693;1.50;0.94;0;1272.0;19.5;78.75;15.0;0;10.37;14.39;88.39;164.03;2.31;142109.0;0;0;30.0;4518.0;965.55;19.53;1.0;1.0;0;1.0;0;0;1.0;0;0;1.0;0;0;1.0;1.0;0;0;0;0;0
362209;1.44;0.95;0;1263.0;19.5;78.75;15.75;0;10.45;14.39;133.11;192.66;2.31;142109.0;0;0;30.0;4510.0;965.55;39.06;1.0;1.0;0;1.0;0;0;1.0;0;0;1.0;0;0;0;1.0;0;0;0;0;0
362716;1.50;0.97;0;1218.0;19.5;78.75;19.5;0;10.89;14.39;154.11;211.99;2.31;142109.0;0;0;29.0;4502.0;965.55;58.59;1.0;1.0;0;1.0;0;0;1.0;0;0;1.0;0;0;1.0;1.0;0;0;0;0;0
363228;1.45;0.97;0;1265.0;19.5;78.75;15.0;0;10.28;14.39;158.64;185.84;2.31;142109.0;0;0;30.0;4514.0;965.55;117.18;1.0;1.0;0;1.0;0;0;1.0;0;0;1.0;0;0;1.0;1.0;0;0;0;0;0
363741;1.38;0.98;0;1361.0;19.5;78.75;8.25;0;9.01;14.48;154.22;156.10;2.31;142109.0;0;0;29.0;4516.0;965.55;683.58;1.0;1.0;0;1.0;0;0;1.0;0;0;1.0;0;0;1.0;1.0;0;0;0;0;0
364251;1.43;0.97;0;1311.0;19.5;78.75;12.0;0;9.80;14.48;113.78;113.74;2.31;142109.0;0;0;29.0;4525.0;965.55;742.17;1.0;1.0;0;1.0;0;0;1.0;0;0;1.0;0;0;1.0;1.0;0;0;0;0;0
364769;1.34;0.95;0;1322.0;19.5;78.75;12.0;0;9.75;14.39;95.20;82.88;2.31;142109.0;0;0;29.0;4511.0;965.55;78.12;1.0;1.0;0;1.0;0;0;1.0;0;0;1.0;0;0;1.0;1.0;0;0;0;0;0
365276;1.49;0.97;0;1312.0;19.5;78.75;12.0;0;9.74;14.39;69.33;63.66;2.31;142109.0;0;0;29.0;4522.0;965.55;39.06;1.0;1.0;0;1.0;0;0;1.0;0;0;1.0;0;0;1.0;1.0;0;0;0;0;0
365787;1.44;0.98;0;1248.0;19.5;78.75;17.25;0;10.49;14.39;53.23;48.88;2.31;142109.0;0;0;29.0;4507.0;965.55;39.06;1.0;1.0;0;1.0;0;0;1.0;0;0;1.0;0;0;1.0;1.0;0;0;0;0;0
366301;1.52;1.00;0;1305.0;19.5;78.75;12.0;0;9.70;14.48;40.87;35.60;2.31;142109.0;0;0;28.0;4516.0;965.55;781.24;1.0;1.0;0;1.0;0;0;1.0;0;0;1.0;0;0;1.0;1.0;0;0;0;0;0
366813;1.42;0.98;0;1284.0;19.5;78.75;13.5;0;9.88;14.48;29.76;29.31;2.31;142109.0;0;0;28.0;4518.0;965.55;820.30;1.0;1.0;0;1.0;0;0;1.0;0;0;1.0;0;0;1.0;1.0;0;0;0;0;0
367330;1.47;0.97;0;1260.0;19.5;78.75;15.75;0;10.15;14.39;22.81;21.30;2.31;142109.0;0;0;28.0;4522.0;965.55;722.64;1.0;1.0;0;1.0;0;0;1.0;0;0;1.0;0;0;1.0;1.0;0;0;0;0;0
367842;1.38;0.95;0;1249.0;19.5;78.75;17.25;0;10.38;14.48;16.60;18.67;2.31;142109.0;0;0;28.0;4509.0;965.55;292.96;1.0;1.0;0;1.0;0;0;1.0;0;0;1.0;0;0;1.0;1.0;0;0;0;0;0
368346;1.45;0.96;0;1293.0;19.5;78.75;13.5;0;9.90;14.39;12.03;13.55;2.31;142109.0;0;0;29.0;4516.0;965.55;19.53;1.0;1.0;0;1.0;0;0;1.0;0;0;1.0;0;0;1.0;1.0;0;0;0;0;0
368856;1.40;0.98;0;1329.0;19.5;78.75;11.25;0;9.46;14.48;11.21;9.82;2.31;142109.0;0;0;29.0;4501.0;965.55;39.06;1.0;1.0;0;1.0;0;0;1.0;0;0;1.0;0;0;1.0;1.0;0;0;0;0;0
369369;1.48;0.99;0;1303.0;19.5;78.75;12.0;0;9.71;14.48;8.12;9.60;2.31;142109.0;0;0;29.0;4510.0;965.55;78.12;1.0;1.0;0;1.0;0;0;1.0;0;0;1.0;0;0;1.0;1.0;0;0;0;0;0
369893;1.40;1.00;0;1321.0;19.5;78.75;12.0;0;9.68;14.48;6.17;6.95;2.31;142109.0;0;0;29.0;4511.0;965.55;800.77;1.0;1.0;0;1.0;0;0;1.0;0;0;1.0;0;0;1.0;1.0;0;0;0;0;0
370393;1.40;0.98;0;1304.0;19.5;78.75;12.0;0;10.18;14.48;4.43;5.29;2.31;142109.0;0;0;28.0;4515.0;965.55;820.30;1.0;1.0;0;1.0;0;0;1.0;0;0;1.0;0;0;1.0;1.0;0;0;0;0;0
370904;1.41;0.97;0;1288.0;19.5;78.75;13.5;0;9.87;14.29;3.35;4.02;2.58;142109.0;0;0;28.0;4521.0;965.55;722.64;1.0;1.0;0;1.0;0;0;1.0;0;0;1.0;0;0;1.0;1.0;0;0;0;0;0
371417;1.45;0.96;0;1274.0;19.5;78.75;15.0;0;10.06;14.29;2.53;2.87;2.58;142109.0;0;0;29.0;4517.0;965.55;58.59;1.0;1.0;0;1.0;0;0;1.0;0;0;1.0;0;0;1.0;1.0;0;0;0;0;0
371929;1.43;0.98;0;1295.0;19.5;78.75;12.75;0;9.84;14.48;1.79;2.14;2.31;142109.0;0;0;29.0;4505.0;965.55;97.65;1.0;1.0;0;1.0;0;0;1.0;0;0;1.0;0;0;1.0;1.0;0;0;0;0;0
372449;1.47;0.98;0;1280.0;19.5;78.75;14.25;0;10.06;14.39;3.61;1.42;2.31;142109.0;0;0;29.0;4502.0;965.55;820.30;1.0;1.0;0;1.0;0;0;1.0;0;0;1.0;0;0;1.0;1.0;0;0;0;0;0
372951;1.41;0.96;0;1274.0;19.5;78.75;14.25;0;10.06;14.48;2.73;1.05;2.31;142109.0;0;0;29.0;4516.0;965.55;800.77;1.0;1.0;0;1.0;0;0;1.0;0;0;1.0;0;0;1.0;1.0;0;0;0;0;0
373465;1.49;0.95;0;1285.0;19.5;78.75;13.5;0;9.95;14.29;1.93;0.76;2.58;142109.0;0;0;29.0;4500.0;965.55;761.70;1.0;1.0;0;1.0;0;0;1.0;0;0;1.0;0;0;1.0;1.0;0;0;0;0;0
373976;1.32;0.94;0;1315.0;19.5;78.75;12.0;0;9.70;14.39;3.65;0.50;2.31;142109.0;0;0;29.0;4527.0;965.55;58.59;1.0;1.0;0;1.0;0;0;1.0;0;0;1.0;0;0;1.0;1.0;0;0;0;0;0
374487;1.52;0.96;0;1283.0;19.5;78.75;14.25;0;10.11;14.39;9.66;16.26;2.31;142109.0;0;0;29.0;4510.0;965.55;39.06;1.0;1.0;0;1.0;0;0;1.0;0;0;1.0;0;0;1.0;1.0;0;0;0;0;0
375009;1.44;0.97;0;1283.0;19.5;78.75;15.0;0;10.21;14.39;23.90;41.48;2.31;142109.0;0;0;30.0;4501.0;965.55;117.18;1.0;1.0;0;1.0;0;0;1.0;0;0;1.0;0;0;1.0;1.0;0;0;0;0;0
375510;1.53;0.97;0;1270.0;19.5;78.75;16.5;0;10.47;14.39;46.61;57.32;2.31;142109.0;0;0;31.0;4519.0;965.55;761.70;1.0;1.0;0;1.0;0;0;1.0;0;0;1.0;0;0;1.0;1.0;0;0;0;0;0
376023;1.44;0.95;0;1310.0;19.5;78.75;12.75;0;10.01;14.39;85.65;52.12;2.31;142109.0;0;0;31.0;4495.0;965.55;664.05;1.0;1.0;0;1.0;0;0;1.0;0;0;1.0;0;0;1.0;1.0;0;0;0;0;0
376534;1.52;0.94;0;1289.0;19.5;78.75;14.25;0;10.32;14.48;147.47;90.28;2.31;142109.0;0;0;30.0;4511.0;965.55;742.17;1.0;1.0;0;1.0;0;0;1.0;0;0;1.0;0;0;1.0;1.0;0;0;0;0;0
377048;1.42;0.92;0;1262.0;19.5;78.75;16.5;0;10.64;14.39;154.71;117.04;2.31;142109.0;0;0;31.0;4521.0;965.63;156.24;1.0;1.0;0;1.0;0;0;1.0;0;0;1.0;0;0;1.0;1.0;0;0;0;0;0
377570;1.40;0.94;0;1278.0;19.5;78.75;15.75;0;10.54;14.39;144.26;89.91;2.31;142109.0;0;0;31.0;4521.0;965.59;39.06;1.0;1.0;0;1.0;0;0;1.0;0;0;1.0;0;0;1.0;1.0;0;0;0;0;0
378070;1.43;0.95;0;1319.0;19.5;78.75;12.0;0;10.07;14.48;119.56;75.69;2.31;142109.0;0;0;32.0;4512.0;965.59;78.12;1.0;1.0;0;1.0;0;0;1.0;0;0;1.0;0;0;1.0;1.0;0;0;0;0;0
378583;1.47;0.96;0;1267.0;19.5;78.75;16.5;0;10.77;14.29;107.00;66.38;2.58;142109.0;0;0;32.0;4523.0;965.59;683.58;1.0;1.0;0;1.0;0;0;1.0;0;0;1.0;0;0;1.0;1.0;0;0;0;0;0
379093;1.58;0.94;0;1283.0;19.5;78.75;15.0;0;10.60;14.39;82.20;50.97;2.31;142109.0;0;0;33.0;4506.0;965.59;683.58;1.0;1.0;0;1.0;0;0;1.0;0;0;1.0;0;0;1.0;1.0;0;0;0;0;0
379607;1.48;0.96;0;1274.0;19.5;78.75;16.5;0;10.93;14.29;59.89;42.47;2.58;142109.0;0;0;33.0;4501.0;965.59;761.70;1.0;1.0;0;1.0;0;0;1.0;0;0;1.0;0;0;1.0;1.0;0;0;0;0;0
380128;1.54;0.94;0;1279.0;19.5;78.75;16.5;0;11.00;14.48;50.07;33.25;2.31;142109.0;0;0;34.0;4522.0;965.59;839.83;1.0;1.0;0;1.0;0;0;1.0;0;0;1.0;0;0;1.0;1.0;0;0;0;0;0
380630;1.48;0.92;0;1273.0;19.5;78.75;16.5;0;11.10;14.39;117.12;75.09;2.31;142109.0;0;0;35.0;4511.0;965.59;722.64;1.0;1.0;0;1.0;0;0;1.0;0;0;1.0;0;0;1.0;1.0;0;0;0;0;0
381143;1.56;0.90;0;1279.0;19.5;78.75;15.75;0;11.07;14.48;101.39;97.10;2.31;142109.0;0;0;35.0;4522.0;965.59;722.64;1.0;1.0;0;1.0;0;0;1.0;0;0;1.0;0;0;1.0;1.0;0;0;0;0;0
381654;1.56;0.89;0;1250.0;19.5;78.75;19.5;0;11.66;14.39;91.90;108.41;2.31;142109.0;0;0;36.0;4499.0;965.59;78.12;1.0;1.0;0;1.0;0;0;1.0;0;0;1.0;0;0;1.0;1.0;0;0;0;0;0
382166;1.48;0.91;0;1347.0;19.5;78.75;10.5;0;10.27;14.39;70.56;87.18;2.31;142109.0;0;0;34.0;4519.0;965.59;19.53;1.0;1.0;0;1.0;0;0;1.0;0;0;1.0;0;0;1.0;1.0;0;0;0;0;0
382689;1.38;0.93;0;1348.0;19.5;78.75;10.5;0;10.10;14.39;97.16;87.67;2.31;142109.0;0;0;33.0;4518.0;965.59;39.06;1.0;1.0;0;1.0;0;0;1.0;0;0;1.0;0;0;1.0;1.0;0;0;0;0;0
383192;1.41;0.94;0;1328.0;19.5;78.75;11.25;0;10.05;14.39;70.77;71.06;2.31;142109.0;0;0;32.0;4499.0;965.59;546.86;1.0;1.0;0;1.0;0;0;1.0;0;0;1.0;0;0;1.0;1.0;0;0;0;0;0
383703;1.53;0.93;0;1221.0;19.5;78.75;19.5;0;10.81;14.48;54.35;51.75;2.31;142109.0;0;0;32.0;4532.0;965.59;39.06;1.0;1.0;0;1.0;0;0;1.0;0;0;1.0;0;0;1.0;1.0;0;0;0;0;0
384213;2.99;0.95;0;1372.0;19.5;78.75;12.75;2.35;14.84;14.39;45.05;39.72;2.31;142109.0;0;0;36.0;4591.0;965.59;898.42;1.0;1.0;0;1.0;0;0;1.0;0;0;1.0;0;0;1.0;1.0;0;0;0;0;0
384954;3.78;1.00;0;2389.0;19.5;78.75;24.0;9.41;25.20;14.48;123.41;88.11;2.31;142109.0;0;0;34.0;4483.0;965.59;898.42;1.0;1.0;0;1.0;0;0;1.0;0;0;1.0;0;0;1.0;1.0;0;0;0;0;0
385589;5.17;1.00;12.0;2081.0;19.5;78.75;13.5;16.47;35.96;14.48;243.42;202.42;2.31;142109.0;12.0;13.0;34.0;4464.0;965.59;859.36;1.0;1.0;0;1.0;0;0;1.0;0;0;1.0;0;0;1.0;1.0;0;0;0;0;0
386102;4.48;0.97;22.0;2495.0;19.5;79.5;21.0;18.43;33.57;14.39;262.89;243.46;2.31;142109.0;22.0;22.0;33.0;4408.0;965.67;800.77;1.0;1.0;0;1.0;0;0;1.0;0;0;1.0;0;0;1.0;1.0;0;0;0;0;0
386613;3.92;0.91;30.0;3282.0;19.5;79.5;27.0;18.43;31.83;14.39;139.65;142.33;2.31;142109.0;29.0;30.0;33.0;4538.0;965.71;644.52;1.0;1.0;0;1.0;0;0;1.0;0;0;0;0;0;1.0;1.0;0;0;0;0;0
387125;0.36;1.00;33.0;3632.0;19.5;79.5;-30.0;0;0;14.39;57.35;60.42;2.31;142109.0;34.0;34.0;33.0;4518.0;965.87;898.42;1.0;1.0;0;1.0;0;0;1.0;0;0;1.0;0;0;1.0;1.0;0;0;0;0;0
387638;3.79;0.99;37.0;2943.0;19.5;79.5;30.0;12.55;27.12;14.48;31.03;30.38;2.31;142109.0;37.0;38.0;33.0;4171.0;965.87;859.36;2.0;1.0;0;1.0;0;0;1.0;0;0;1.0;0;0;1.0;1.0;0;0;0;0;0
388151;3.14;0.94;42.0;3301.0;19.5;79.5;33.75;10.19;24.30;14.48;15.54;15.21;2.31;142109.0;41.0;42.0;33.0;4303.0;965.83;820.30;2.0;1.0;0;1.0;0;0;1.0;0;0;1.0;0;0;1.0;1.0;0;0;0;0;0
388662;2.63;0.88;45.0;3568.0;19.5;79.5;38.25;8.62;22.02;14.39;7.34;7.18;2.31;142109.0;45.0;46.0;33.0;4433.0;965.75;800.77;2.0;1.0;0;1.0;0;0;1.0;0;0;1.0;0;0;1.0;1.0;0;0;0;0;0
389174;2.32;0.82;48.0;3763.0;19.5;79.5;41.25;8.62;21.15;14.39;3.22;3.00;2.31;142109.0;48.0;49.0;33.0;4498.0;965.71;624.99;2.0;1.0;0;1.0;0;0;1.0;0;0;1.0;0;0;1.0;1.0;0;0;0;0;0
389686;2.22;0.82;51.0;3986.0;19.5;79.5;42.0;8.23;20.43;14.48;1.26;1.19;2.31;142109.0;50.0;51.0;33.0;4528.0;965.67;703.11;2.0;1.0;0;1.0;0;0;1.0;0;0;1.0;0;0;1.0;1.0;0;0;0;0;0
390198;2.80;1.00;52.0;3253.0;19.5;79.5;18.0;6.66;15.99;14.48;0.42;0.42;2.31;142109.0;53.0;52.0;33.0;4203.0;965.71;878.89;3.0;1.0;0;1.0;0;0;1.0;0;0;1.0;0;0;1.0;1.0;0;0;0;0;0
390758;3.37;0.98;55.0;3373.0;19.5;79.5;34.5;10.58;24.47;14.29;1.91;0.11;2.58;142109.0;54.0;55.0;33.0;4233.0;965.75;839.83;3.0;1.0;0;1.0;0;0;1.0;0;0;1.0;0;0;1.0;1.0;0;0;0;0;0
391269;2.98;0.91;57.0;3538.0;19.5;79.5;36.75;10.58;23.98;14.39;2.48;0;2.31;142109.0;57.0;58.0;33.0;4370.0;965.91;820.30;3.0;1.0;0;1.0;0;0;1.0;0;0;1.0;0;0;1.0;1.0;0;0;0;0;0
391782;2.66;0.85;60.0;3696.0;19.5;79.5;38.25;10.58;23.39;14.39;1.01;0;2.31;142109.0;59.0;61.0;33.0;4488.0;965.87;742.17;3.0;1.0;0;1.0;0;0;1.0;0;0;1.0;0;0;1.0;1.0;0;0;0;0;0
392295;1.95;1.00;61.0;3756.0;19.5;79.5;43.5;5.49;15.22;14.39;1.67;0;2.31;142109.0;61.0;61.0;33.0;4501.0;965.87;859.36;3.0;1.0;0;1.0;0;0;1.0;0;0;1.0;0;0;1.0;1.0;0;0;0;0;0
392806;1.75;0.98;61.0;3794.0;19.5;79.5;43.5;4.70;13.41;14.39;2.71;0.95;2.31;142109.0;62.0;62.0;33.0;4518.0;965.87;859.36;3.0;1.0;0;1.0;0;0;1.0;0;0;1.0;0;0;1.0;1.0;0;0;0;0;0
393321;0.88;0.96;61.0;3470.0;19.5;79.5;39.75;1.17;6.36;14.39;1.05;1.87;2.31;142109.0;61.0;61.0;33.0;4541.0;965.98;839.83;3.0;1.0;0;1.0;0;0;1.0;0;0;0;0;0;1.0;1.0;0;0;0;0;0
393832;0.62;1.00;58.0;3575.0;19.5;79.5;-30.0;0;0;14.48;0.29;0.66;2.31;142109.0;58.0;58.0;33.0;4590.0;966.14;0;3.0;1.0;0;1.0;0;0;1.0;0;0;0;0;0;1.0;1.0;0;0;0;0;0
394343;0.62;1.00;55.0;3312.0;19.5;79.5;-30.0;0;0;14.48;0.01;0.21;2.31;142109.0;55.0;54.0;33.0;4580.0;966.10;0;3.0;1.0;0;1.0;0;0;1.0;0;0;0;0;0;1.0;1.0;0;0;0;0;0
394856;0.68;1.00;48.0;3027.0;19.5;79.5;-30.0;0;0;14.48;0;0;2.31;142109.0;49.0;49.0;33.0;4588.0;965.94;0;3.0;1.0;0;1.0;0;0;1.0;0;0;1.0;0;0;1.0;1.0;0;0;0;0;0
395414;0.73;1.00;45.0;2712.0;19.5;79.5;-30.0;0;0;14.39;0;0;2.31;142109.0;45.0;45.0;33.0;4608.0;965.98;0;3.0;1.0;0;1.0;0;0;1.0;0;0;1.0;0;0;1.0;1.0;0;0;0;0;0
395951;1.38;1.00;41.0;2560.0;19.5;79.5;14.25;0.39;7.16;14.48;0;0;2.31;142109.0;42.0;42.0;33.0;4417.0;966.06;820.30;3.0;1.0;0;1.0;0;0;1.0;0;0;1.0;0;0;1.0;1.0;0;0;0;0;0
396571;3.59;0.99;42.0;2655.0;19.5;79.5;11.25;10.19;21.42;14.39;0;2.20;2.31;142109.0;42.0;43.0;33.0;4177.0;965.98;878.89;3.0;1.0;0;1.0;0;0;1.0;0;0;1.0;0;0;1.0;1.0;0;0;0;0;0
397164;3.22;0.94;45.0;2810.0;19.5;79.5;29.25;9.80;24.64;14.39;0;2.87;2.31;142109.0;44.0;45.0;33.0;4353.0;965.87;839.83;3.0;1.0;0;1.0;0;0;1.0;0;0;1.0;0;0;1.0;1.0;0;0;0;0;0
397674;2.33;0.90;47.0;2884.0;19.5;79.5;32.25;6.27;19.25;14.39;0;3.16;2.31;142109.0;46.0;47.0;33.0;4462.0;965.94;820.30;3.0;1.0;0;1.0;0;0;1.0;0;0;1.0;0;0;1.0;1.0;0;0;0;0;0
398187;1.40;0.87;47.0;2907.0;19.5;79.5;33.0;3.52;12.46;14.29;0;3.49;2.58;142109.0;48.0;47.0;33.0;4532.0;965.98;839.83;3.0;1.0;0;1.0;0;0;1.0;0;0;1.0;0;0;1.0;1.0;0;0;0;0;0
398699;0.71;0.85;47.0;2869.0;19.5;79.5;32.25;0.39;6.42;14.39;0;1.77;2.31;142109.0;48.0;47.0;33.0;4557.0;966.06;761.70;3.0;1.0;0;1.0;0;0;1.0;0;0;1.0;0;0;1.0;1.0;0;0;0;0;0
399211;0.84;1.00;46.0;2744.0;19.5;79.5;12.75;0;9.46;14.48;0;0.91;2.31;142109.0;46.0;46.0;33.0;4529.0;966.22;58.59;3.0;1.0;0;1.0;0;0;1.0;0;0;1.0;0;0;1.0;1.0;0;0;0;0;0
399724;0.84;1.00;43.0;2652.0;19.5;79.5;11.25;0;9.29;14.39;0;0.35;2.31;142109.0;44.0;43.0;33.0;4517.0;966.02;0;3.0;1.0;0;1.0;0;0;1.0;0;0;1.0;0;0;1.0;1.0;0;0;0;0;0
400236;0.86;1.00;41.0;2546.0;19.5;79.5;10.5;0;9.32;14.48;1.46;0.13;2.31;142109.0;42.0;42.0;33.0;4518.0;966.14;19.53;3.0;1.0;0;1.0;0;0;1.0;0;0;1.0;0;0;1.0;1.0;0;0;0;0;0
400749;0.91;1.00;40.0;2454.0;19.5;80.25;11.25;0;9.10;14.39;0.78;15.91;2.31;142109.0;40.0;40.0;30.0;4532.0;966.06;19.53;3.0;1.0;0;1.0;0;0;1.0;0;0;1.0;0;0;1.0;1.0;0;0;0;0;0
401262;1.96;1.00;38.0;2500.0;19.5;80.25;24.0;3.13;12.46;14.48;11.38;9.33;2.31;142109.0;39.0;39.0;33.0;4491.0;966.26;898.42;3.0;1.0;0;1.0;0;0;1.0;0;0;1.0;0;0;1.0;1.0;0;0;0;0;0
401773;3.35;1.00;40.0;2475.0;19.5;80.25;25.5;7.84;22.43;14.48;6.65;5.44;2.31;142109.0;39.0;40.0;33.0;4474.0;966.34;878.89;3.0;1.0;0;1.0;0;0;1.0;0;0;1.0;0;0;1.0;1.0;0;0;0;0;0
402286;3.17;0.97;42.0;2618.0;19.5;80.25;27.0;9.02;24.02;14.39;3.65;4.76;2.31;142109.0;42.0;42.0;33.0;4424.0;966.41;859.36;3.0;1.0;0;1.0;0;0;1.0;0;0;1.0;0;0;1.0;1.0;0;0;0;0;0
402801;2.29;0.93;43.0;2712.0;19.5;80.25;30.0;5.88;19.62;14.48;1.95;2.57;2.31;142109.0;44.0;44.0;33.0;4495.0;966.37;781.24;3.0;1.0;0;1.0;0;0;1.0;0;0;1.0;0;0;1.0;1.0;0;0;0;0;0
403310;1.79;0.98;45.0;2745.0;19.5;80.25;30.0;3.52;13.20;14.39;2.73;2.67;2.31;142109.0;45.0;45.0;33.0;4539.0;966.45;859.36;3.0;1.0;0;1.0;0;0;1.0;0;0;1.0;0;0;1.0;1.0;0;0;0;0;0
403823;1.07;0.97;46.0;2643.0;19.5;80.25;28.5;1.17;7.61;14.39;1.42;1.34;2.31;142109.0;46.0;45.0;33.0;4552.0;966.45;878.89;3.0;1.0;0;1.0;0;0;1.0;0;0;1.0;0;0;1.0;1.0;0;0;0;0;0
404338;0.81;1.00;43.0;2736.0;19.5;80.25;12.75;0;9.38;14.39;0.70;0.66;2.31;142109.0;44.0;44.0;33.0;4522.0;966.49;761.70;3.0;1.0;0;1.0;0;0;1.0;0;0;1.0;0;0;1.0;1.0;0;0;0;0;0
404848;0.87;1.00;43.0;2675.0;19.5;80.25;11.25;0;9.08;14.39;0.31;0.29;2.31;142109.0;43.0;43.0;33.0;4509.0;966.57;527.33;3.0;1.0;0;1.0;0;0;1.0;0;0;1.0;0;0;1.0;1.0;0;0;0;0;0
405360;0.85;1.00;42.0;2593.0;19.5;80.25;11.25;0;9.27;14.39;1.64;0.07;2.31;142109.0;42.0;42.0;33.0;4520.0;966.61;332.02;3.0;1.0;0;1.0;0;0;1.0;0;0;1.0;0;0;1.0;1.0;0;0;0;0;0
405873;0.86;1.00;40.0;2478.0;19.5;80.25;11.25;0;9.26;14.48;0.89;0;2.31;142109.0;40.0;40.0;31.0;4537.0;966.65;39.06;3.0;1.0;0;1.0;0;0;1.0;0;0;1.0;0;0;1.0;1.0;0;0;0;0;0
406388;0.85;1.00;37.0;2284.0;19.5;80.25;12.75;0;9.21;14.48;2.05;38.57;2.31;142109.0;37.0;38.0;26.0;4560.0;966.61;19.53;3.0;1.0;0;1.0;0;0;1.0;0;0;1.0;0;0;1.0;1.0;0;0;0;0;0
406897;0.91;1.00;35.0;2121.0;19.5;80.25;12.0;0;9.24;14.48;10.35;51.20;2.31;142109.0;35.0;34.0;26.0;4520.0;966.65;19.53;3.0;1.0;0;1.0;0;0;1.0;0;0;1.0;0;0;1.0;1.0;0;0;0;0;0
407410;1.0;1.00;32.0;1989.0;19.5;80.25;12.0;0;9.30;14.48;12.79;36.42;2.31;142109.0;33.0;33.0;25.0;4507.0;966.69;39.06;3.0;1.0;0;1.0;0;0;1.0;0;0;1.0;0;0;1.0;1.0;0;0;0;0;0
407923;1.02;1.00;31.0;1883.0;19.5;80.25;11.25;0;9.22;14.29;10.44;24.39;2.58;142109.0;31.0;31.0;26.0;4516.0;966.65;39.06;3.0;1.0;0;1.0;0;0;1.0;0;0;1.0;0;0;1.0;1.0;0;0;0;0;0
408435;1.08;1.00;28.0;1819.0;19.5;80.25;12.0;0;9.31;14.48;8.59;18.49;2.31;142109.0;29.0;29.0;25.0;4519.0;966.69;175.77;3.0;1.0;0;1.0;0;0;1.0;0;0;1.0;0;0;1.0;1.0;0;0;0;0;0
408949;1.12;1.00;27.0;1716.0;19.5;80.25;12.0;0;9.35;14.48;12.77;27.98;2.31;142109.0;27.0;27.0;26.0;4513.0;966.65;820.30;3.0;1.0;0;1.0;0;0;1.0;0;0;1.0;0;0;1.0;1.0;0;0;0;0;0
409460;2.15;0.98;26.0;1660.0;19.5;80.25;8.25;1.96;11.55;14.39;78.12;47.39;2.31;142109.0;26.0;26.0;33.0;4535.0;966.69;839.83;3.0;1.0;0;1.0;0;0;1.0;0;0;1.0;0;0;1.0;1.0;0;0;0;0;0
409972;1.13;0.99;26.0;1696.0;19.5;80.25;12.0;0;9.35;14.39;57.84;36.73;2.31;142109.0;26.0;26.0;26.0;4507.0;966.69;859.36;2.0;1.0;0;1.0;0;0;1.0;0;0;1.0;0;0;1.0;1.0;0;0;0;0;0
410490;1.03;1.00;23.0;1947.0;19.5;80.25;11.25;0;9.27;14.39;82.55;32.41;2.31;142109.0;24.0;24.0;26.0;4524.0;966.73;800.77;2.0;1.0;0;1.0;0;0;1.0;0;0;1.0;0;0;1.0;1.0;0;0;0;0;0
410998;1.12;0.99;22.0;1759.0;19.5;80.25;12.0;0;9.41;14.39;71.57;23.22;2.31;142110.0;23.0;23.0;26.0;4514.0;966.73;820.30;2.0;1.0;0;1.0;0;0;1.0;0;0;1.0;0;0;1.0;1.0;0;0;0;0;0
411510;2.0;0.98;22.0;1809.0;19.5;80.25;10.5;2.35;11.64;14.48;61.67;16.97;2.31;142110.0;22.0;22.0;33.0;4535.0;966.77;820.30;2.0;1.0;0;1.0;0;0;1.0;0;0;1.0;0;0;1.0;1.0;0;0;0;0;0
412023;4.04;1.00;23.0;2149.0;19.5;80.25;18.0;7.84;23.33;14.48;40.40;11.05;2.31;142110.0;24.0;24.0;33.0;4502.0;966.77;878.89;2.0;1.0;0;1.0;0;0;1.0;0;0;1.0;0;0;1.0;1.0;0;0;0;0;0
412535;4.12;0.99;28.0;2331.0;19.5;80.25;21.0;12.15;29.49;14.39;23.78;6.81;2.31;142110.0;28.0;29.0;33.0;4440.0;966.77;839.83;2.0;1.0;0;1.0;0;0;1.0;0;0;1.0;0;0;1.0;1.0;0;0;0;0;0
413048;4.08;0.96;33.0;2643.0;19.5;80.25;24.75;16.08;30.59;14.39;13.96;3.96;2.31;142110.0;33.0;34.0;33.0;4395.0;966.77;722.64;2.0;1.0;0;1.0;0;0;1.0;0;0;1.0;0;0;1.0;1.0;0;0;0;0;0
413561;4.03;0.93;38.0;3044.0;19.5;80.25;26.25;19.21;32.57;14.39;7.34;2.03;2.31;142110.0;38.0;39.0;33.0;4534.0;966.77;78.12;2.0;1.0;0;1.0;0;0;1.0;0;0;1.0;0;0;1.0;1.0;0;0;0;0;0
414074;4.24;0.99;45.0;3490.0;19.5;80.25;28.5;19.21;31.88;14.29;3.59;0.87;2.58;142110.0;44.0;45.0;33.0;4534.0;966.77;820.30;2.0;1.0;0;1.0;0;0;1.0;0;0;1.0;0;0;1.0;1.0;0;0;0;0;0
414588;3.98;0.94;50.0;3919.0;19.5;80.25;31.5;19.21;31.66;14.48;6.17;0.29;2.31;142110.0;49.0;50.0;33.0;4583.0;966.77;781.24;2.0;1.0;0;1.0;0;0;1.0;0;0;1.0;0;0;1.0;1.0;0;0;0;0;0
415099;3.58;1.00;52.0;3543.0;19.5;80.25;42.0;9.41;18.19;14.39;2.03;2.87;2.31;142110.0;53.0;52.0;33.0;4300.0;966.77;839.83;3.0;1.0;0;1.0;0;0;1.0;0;0;1.0;0;0;1.0;1.0;0;0;0;0;0
415611;2.78;1.00;56.0;3411.0;19.5;80.25;36.75;8.23;22.41;14.39;2.03;1.26;2.31;142110.0;54.0;56.0;33.0;4201.0;966.77;859.36;3.0;1.0;0;1.0;0;0;1.0;0;0;1.0;0;0;1.0;1.0;0;0;0;0;0
416124;2.4;1.00;57.0;3501.0;19.5;80.25;40.5;6.66;19.29;14.39;2.03;0.46;2.31;142110.0;57.0;58.0;33.0;4327.0;966.77;859.36;3.0;1.0;0;1.0;0;0;1.0;0;0;1.0;0;0;1.0;1.0;0;0;0;0;0
416637;2.13;0.96;58.0;3601.0;19.5;80.25;40.5;5.49;16.33;14.39;0.87;1.42;2.31;142110.0;59.0;59.0;33.0;4449.0;966.77;839.83;3.0;1.0;0;1.0;0;0;1.0;0;0;1.0;0;0;1.0;1.0;0;0;0;0;0
417149;1.69;0.93;60.0;3660.0;19.5;80.25;42.0;4.70;13.44;14.39;0.29;0.54;2.31;142110.0;59.0;60.0;33.0;4500.0;966.77;839.83;3.0;1.0;0;1.0;0;0;1.0;0;0;1.0;0;0;1.0;1.0;0;0;0;0;0
417667;1.57;0.91;60.0;3700.0;19.5;80.25;42.75;4.31;12.55;14.39;0;1.69;2.31;142110.0;60.0;60.0;33.0;4515.0;966.77;820.30;3.0;1.0;0;1.0;0;0;1.0;0;0;1.0;0;0;1.0;1.0;0;0;0;0;0
418178;1.52;0.89;60.0;3674.0;19.5;80.25;42.0;4.31;12.38;14.39;2.08;0.62;2.31;142110.0;60.0;60.0;33.0;4511.0;966.77;820.30;3.0;1.0;0;1.0;0;0;1.0;0;0;1.0;0;0;1.0;1.0;0;0;0;0;0
418687;0.49;1.00;60.0;3685.0;19.5;80.25;41.25;0;6.07;14.48;0.83;0.19;2.31;142110.0;60.0;61.0;33.0;4642.0;966.77;800.77;3.0;1.0;0;1.0;0;0;1.0;0;0;0;0;0;1.0;1.0;0;0;0;0;0
419201;1.48;1.00;60.0;3164.0;19.5;80.25;25.5;3.13;9.26;14.48;0.27;3.16;2.31;142110.0;58.0;60.0;33.0;4229.0;966.77;839.83;4.0;1.0;0;1.0;0;0;1.0;0;0;0;0;0;1.0;1.0;0;0;0;0;0
419714;1.61;1.00;60.0;3140.0;19.5;80.25;31.5;3.52;10.96;14.39;1.93;1.50;2.31;142110.0;60.0;60.0;33.0;4224.0;966.77;839.83;4.0;1.0;0;1.0;0;0;1.0;0;0;0;0;0;1.0;1.0;0;0;0;0;0
420228;1.21;0.98;60.0;3211.0;19.5;80.25;36.75;2.74;9.04;14.39;2.75;0.66;2.31;142110.0;60.0;60.0;33.0;4354.0;966.84;839.83;4.0;1.0;0;1.0;0;0;1.0;0;0;0;0;0;1.0;1.0;0;0;0;0;0
420738;0.67;1.00;61.0;3149.0;19.5;80.25;-30.0;0;0;14.39;3.20;1.97;2.31;142110.0;61.0;61.0;33.0;4507.0;966.80;820.30;4.0;1.0;0;1.0;0;0;1.0;0;0;0;0;0;1.0;1.0;0;0;0;0;0
421251;0.67;1.00;60.0;3109.0;19.5;80.25;-30.0;0;0;14.48;1.50;2.51;2.31;142110.0;60.0;60.0;33.0;4543.0;966.80;0;4.0;1.0;0;1.0;0;0;1.0;0;0;0;0;0;1.0;1.0;0;0;0;0;0
421765;0.68;1.00;58.0;3078.0;19.5;80.25;-30.0;0;0;14.48;2.12;1.19;2.31;142110.0;59.0;59.0;33.0;4509.0;966.80;0;4.0;1.0;0;1.0;0;0;1.0;0;0;0;0;0;1.0;1.0;0;0;0;0;0
422278;1.62;1.00;58.0;3090.0;19.5;80.25;18.75;3.52;9.06;14.39;0.99;2.12;2.31;142110.0;59.0;59.0;33.0;4181.0;966.80;839.83;4.0;1.0;0;1.0;0;0;1.0;0;0;0;0;0;1.0;1.0;0;0;0;0;0
422789;2.62;0.99;60.0;3151.0;19.5;80.25;29.25;7.05;18.17;14.48;0.39;0.99;2.31;142110.0;59.0;61.0;33.0;4276.0;966.80;859.36;4.0;1.0;0;1.0;0;0;1.0;0;0;0;0;0;1.0;1.0;0;0;0;0;0
423303;2.43;0.95;62.0;3227.0;19.5;80.25;36.0;7.05;18.77;14.48;0.05;0.33;2.31;142110.0;61.0;62.0;33.0;4413.0;966.80;839.83;4.0;1.0;0;1.0;0;0;1.0;0;0;0;0;0;1.0;1.0;0;0;0;0;0
423816;1.80;0.90;63.0;3273.0;19.5;80.25;37.5;5.49;16.32;14.48;0;0.05;2.31;142110.0;61.0;64.0;33.0;4513.0;966.80;820.30;4.0;1.0;0;1.0;0;0;1.0;0;0;0;0;0;1.0;1.0;0;0;0;0;0
424329;0.97;0.99;63.0;3362.0;19.5;79.5;39.0;1.96;7.13;14.39;0;2.08;2.31;142110.0;63.0;63.0;33.0;4522.0;966.96;859.36;4.0;1.0;0;1.0;0;0;1.0;0;0;0;0;0;1.0;1.0;0;0;0;0;0
424842;0.83;0.97;62.0;3274.0;19.5;79.5;37.5;1.17;6.35;14.48;1.30;0.95;2.31;142110.0;63.0;63.0;33.0;4532.0;966.92;839.83;4.0;1.0;0;1.0;0;0;1.0;0;0;0;0;0;1.0;1.0;0;0;0;0;0
425355;0.63;1.00;62.0;3210.0;19.5;79.5;-30.0;0;0;14.48;2.44;0.37;2.31;142110.0;62.0;62.0;33.0;4545.0;967.04;78.12;4.0;1.0;0;1.0;0;0;1.0;0;0;0;0;0;1.0;1.0;0;0;0;0;0
425868;0.62;1.00;61.0;3217.0;19.5;79.5;-30.0;0;0;14.39;1.05;2.03;2.31;142110.0;61.0;62.0;33.0;4554.0;967.12;0;4.0;1.0;0;1.0;0;0;1.0;0;0;0;0;0;1.0;1.0;0;0;0;0;0
426382;0.64;1.00;61.0;3193.0;19.5;79.5;-30.0;0;0;14.48;0.42;4.37;2.31;142110.0;61.0;61.0;33.0;4549.0;967.16;0;4.0;1.0;0;1.0;0;0;1.0;0;0;0;0;0;1.0;1.0;0;0;0;0;0
426894;0.67;1.00;60.0;3119.0;19.5;79.5;-30.0;0;0;14.58;1.69;1.89;2.31;142110.0;60.0;60.0;33.0;4542.0;967.23;0;4.0;1.0;0;1.0;0;0;1.0;0;0;0;0;0;1.0;1.0;0;0;0;0;0
427407;0.67;1.00;60.0;3103.0;19.5;79.5;-30.0;0;0;14.48;2.38;0.87;2.31;142110.0;60.0;60.0;33.0;4537.0;967.31;0;4.0;1.0;0;1.0;0;0;1.0;0;0;0;0;0;1.0;1.0;0;0;0;0;0
427918;0.68;1.00;58.0;3014.0;19.5;79.5;-30.0;0;0;14.39;1.19;0.33;2.31;142110.0;58.0;58.0;33.0;4550.0;967.47;0;4.0;1.0;0;1.0;0;0;1.0;0;0;1.0;0;0;1.0;1.0;0;0;0;0;0
428433;0.71;1.00;55.0;2834.0;19.5;79.5;-30.0;0;0;14.48;2.40;0.09;2.31;142110.0;54.0;55.0;33.0;4582.0;967.55;0;4.0;1.0;0;1.0;0;0;1.0;0;0;1.0;0;0;1.0;1.0;0;0;0;0;0
428947;0.75;1.00;51.0;2677.0;19.5;79.5;-30.0;0;0;14.39;1.26;0;2.31;142110.0;51.0;51.0;33.0;4570.0;967.62;0;4.0;1.0;0;1.0;0;0;1.0;0;0;1.0;0;0;1.0;1.0;0;0;0;0;0
429460;1.0;1.00;48.0;2566.0;19.5;79.5;0.75;0;6.76;14.29;0.62;0;2.58;142110.0;49.0;49.0;33.0;4370.0;967.66;0;4.0;1.0;0;1.0;0;0;1.0;0;0;1.0;0;0;1.0;1.0;0;0;0;0;0
429973;0.89;1.00;46.0;2443.0;19.5;79.5;12.75;0;9.37;14.48;7.18;2.20;2.31;142110.0;46.0;47.0;29.0;4229.0;967.78;39.06;4.0;1.0;0;1.0;0;0;1.0;0;0;1.0;0;0;1.0;1.0;0;0;0;0;0
430486;0.90;1.00;42.0;2219.0;19.5;78.75;13.5;0;9.45;14.48;37.98;35.11;2.31;142110.0;43.0;43.0;26.0;4373.0;967.82;39.06;4.0;1.0;0;1.0;0;0;1.0;0;0;1.0;0;0;1.0;1.0;0;0;0;0;0
430998;0.97;1.00;40.0;2054.0;19.5;78.75;12.0;0;9.53;14.48;112.64;100.57;2.31;142110.0;40.0;39.0;26.0;4456.0;967.90;39.06;4.0;1.0;0;1.0;0;0;1.0;0;0;1.0;0;0;1.0;1.0;0;0;0;0;0
431512;1.00;1.00;36.0;1913.0;19.5;78.75;12.0;0;9.49;14.48;157.62;169.63;2.31;142110.0;36.0;36.0;26.0;4490.0;967.94;58.59;4.0;1.0;0;1.0;0;0;1.0;0;0;1.0;0;0;1.0;1.0;0;0;0;0;0
432025;1.26;1.00;35.0;1553.0;19.5;78.75;12.0;0;9.53;14.48;186.04;211.88;2.31;142110.0;34.0;35.0;26.0;4473.0;967.98;468.74;4.0;1.0;0;1.0;0;0;1.0;0;0;1.0;0;0;1.0;1.0;0;0;0;0;0
432538;1.10;1.00;33.0;1736.0;19.5;78.75;12.0;0;9.44;14.39;237.85;259.24;2.31;142110.0;33.0;33.0;26.0;4529.0;968.05;878.89;4.0;1.0;0;1.0;0;0;1.0;0;0;1.0;0;0;1.0;1.0;0;0;0;0;0
433050;2.17;1.00;32.0;1618.0;19.5;78.75;6.0;1.56;11.20;14.48;258.46;273.22;2.31;142110.0;32.0;32.0;34.0;4524.0;968.17;878.89;4.0;1.0;0;1.0;0;0;1.0;0;0;1.0;0;0;1.0;1.0;0;0;0;0;0
433564;1.04;1.00;30.0;1908.0;19.5;78.75;12.0;0;9.52;14.48;264.70;308.57;2.31;142110.0;31.0;31.0;26.0;4522.0;968.29;878.89;3.0;1.0;0;1.0;0;0;1.0;0;0;1.0;0;0;1.0;1.0;0;0;0;0;0
434078;1.10;1.00;30.0;1809.0;19.5;78.75;12.0;0;9.45;14.48;306.07;271.70;2.31;142110.0;29.0;30.0;26.0;4517.0;968.52;839.83;3.0;1.0;0;1.0;0;0;1.0;0;0;1.0;0;0;1.0;1.0;0;0;0;0;0
434590;1.09;0.98;27.0;1709.0;19.5;78.75;12.0;0;9.39;14.48;306.79;252.99;2.31;142110.0;27.0;27.0;27.0;4496.0;968.68;859.36;3.0;1.0;0;1.0;0;0;1.0;0;0;1.0;0;0;1.0;1.0;0;0;0;0;0
435104;1.13;0.97;26.0;1655.0;19.5;78.75;12.0;0;9.48;14.39;318.96;210.80;2.31;142110.0;26.0;26.0;26.0;4487.0;968.87;839.83;3.0;1.0;0;1.0;0;0;1.0;0;0;1.0;0;0;1.0;1.0;0;0;0;0;0
435616;1.76;0.95;26.0;1483.0;19.5;78.75;10.5;1.17;9.95;14.39;315.33;210.35;2.31;142110.0;26.0;26.0;34.0;4498.0;968.99;839.83;3.0;1.0;0;1.0;0;0;1.0;0;0;1.0;0;0;1.0;1.0;0;0;0;0;0
436130;1.24;0.94;25.0;1481.0;19.5;78.75;12.75;0;9.53;14.39;306.62;198.95;2.31;142110.0;25.0;25.0;26.0;4537.0;969.07;800.77;2.0;1.0;0;1.0;0;0;1.0;0;0;1.0;0;0;1.0;1.0;0;0;0;0;0
436644;1.08;1.00;23.0;1844.0;19.5;78.75;12.0;0;9.47;14.39;263.53;181.76;2.31;142110.0;24.0;24.0;26.0;4537.0;969.11;839.83;2.0;1.0;0;1.0;0;0;1.0;0;0;1.0;0;0;1.0;1.0;0;0;0;0;0
437157;1.12;0.99;21.0;1718.0;19.5;78.75;12.0;0;9.37;14.48;267.58;238.42;2.31;142110.0;22.0;22.0;26.0;4505.0;969.15;781.24;2.0;1.0;0;1.0;0;0;1.0;0;0;1.0;0;0;1.0;1.0;0;0;0;0;0
437671;1.17;0.97;20.0;1584.0;19.5;78.75;12.0;0;9.45;14.39;294.02;240.12;2.31;142110.0;20.0;20.0;26.0;4483.0;969.19;800.77;2.0;1.0;0;1.0;0;0;1.0;0;0;1.0;0;0;1.0;1.0;0;0;0;0;0
438217;1.32;0.96;17.0;1376.0;19.5;78.75;11.25;0;9.12;14.39;313.22;260.00;2.31;142110.0;17.0;18.0;26.0;4489.0;969.23;800.77;2.0;1.0;0;1.0;0;0;1.0;0;0;1.0;0;0;1.0;1.0;0;0;0;0;0
438744;1.40;0.94;16.0;1276.0;19.5;78.75;14.25;0;9.68;14.48;290.35;299.37;2.31;142110.0;16.0;16.0;27.0;4504.0;969.23;644.52;2.0;1.0;0;1.0;0;0;1.0;0;0;1.0;0;0;1.0;1.0;0;0;1.0;0;0
439258;1.30;0.93;13.0;1308.0;19.5;78.75;12.0;0;9.43;14.39;300.39;289.68;2.31;142110.0;14.0;14.0;27.0;4504.0;969.23;19.53;0;1.0;0;1.0;0;0;1.0;0;0;1.0;0;0;1.0;1.0;0;0;0;0;0
439770;1.32;0.95;11.0;1329.0;19.5;78.75;11.25;0;9.18;14.39;326.85;317.49;2.31;142110.0;12.0;12.0;26.0;4516.0;969.27;0;1.0;1.0;0;1.0;0;0;1.0;0;0;1.0;0;0;1.0;1.0;0;0;0;0;0
440289;1.43;0.96;10.0;1278.0;19.5;78.75;13.5;0;9.67;14.29;332.20;308.39;2.58;142110.0;10.0;10.0;27.0;4513.0;969.27;0;1.0;1.0;0;1.0;0;0;1.0;0;0;1.0;0;0;1.0;1.0;0;0;0;0;0
440805;1.38;0.98;7.0;1302.0;19.5;78.75;12.0;0;9.48;14.48;300.15;331.32;2.31;142110.0;8.0;8.0;27.0;4513.0;969.27;19.53;1.0;1.0;0;1.0;0;0;1.0;0;0;1.0;0;0;1.0;1.0;0;0;0;0;0
441310;1.47;1.00;6.0;1293.0;19.5;78.75;12.0;0;9.50;14.39;287.54;332.32;2.31;142110.0;6.0;7.0;27.0;4511.0;969.27;39.06;1.0;1.0;0;1.0;0;0;1.0;0;0;1.0;0;0;1.0;1.0;0;0;0;0;0
441824;1.42;1.01;3.0;1298.0;19.5;78.75;12.0;0;9.48;14.39;279.16;333.27;2.31;142110.0;4.0;4.0;27.0;4518.0;969.27;58.59;1.0;1.0;0;1.0;0;0;1.0;0;0;1.0;0;0;1.0;1.0;0;0;0;0;0
442338;1.57;1.03;0;1294.0;19.5;78.75;12.0;0;9.50;14.39;305.72;301.81;2.31;142110.0;0;0;27.0;4496.0;969.27;351.55;1.0;1.0;0;1.0;0;0;1.0;0;0;1.0;0;0;1.0;1.0;0;0;0;0;0
442853;1.52;1.02;0;1254.0;19.5;78.75;15.0;0;9.89;14.39;318.88;327.96;2.31;142110.0;0;0;27.0;4508.0;969.27;800.77;1.0;1.0;0;1.0;0;0;1.0;0;0;1.0;0;0;1.0;1.0;0;0;0;0;0
443364;1.43;1.01;0;1296.0;19.5;78.75;12.0;0;9.48;14.48;329.66;338.14;2.31;142110.0;0;0;26.0;4510.0;969.27;800.77;1.0;1.0;0;1.0;0;0;1.0;0;0;1.0;0;0;1.0;1.0;0;0;0;0;0
443878;1.43;0.99;0;1289.0;19.5;78.75;12.0;0;9.41;14.39;340.70;342.02;2.31;142110.0;0;0;27.0;4515.0;969.27;781.24;1.0;1.0;0;1.0;0;0;1.0;0;0;1.0;0;0;1.0;1.0;0;0;0;0;0
444390;1.39;0.98;0;1309.0;19.5;78.75;11.25;0;9.17;14.48;285.99;348.37;2.31;142110.0;0;0;26.0;4515.0;969.27;390.62;1.0;1.0;0;1.0;0;0;1.0;0;0;1.0;0;0;1.0;1.0;0;0;0;0;0
444904;1.42;0.98;0;1251.0;19.5;78.75;16.5;0;10.05;14.39;299.86;352.32;2.31;142110.0;0;0;27.0;4506.0;969.27;39.06;1.0;1.0;0;1.0;0;0;1.0;0;0;1.0;0;0;1.0;1.0;0;0;0;0;0
445418;1.48;1.00;0;1279.0;19.5;78.75;13.5;0;9.70;14.48;310.72;355.38;2.31;142110.0;0;0;27.0;4506.0;969.27;39.06;1.0;1.0;0;1.0;0;0;1.0;0;0;1.0;0;0;1.0;1.0;0;0;0;0;0
445931;1.42;1.02;0;1304.0;19.5;78.75;12.0;0;9.48;14.39;269.51;355.11;2.31;142110.0;0;0;27.0;4519.0;969.27;117.18;1.0;1.0;0;1.0;0;0;1.0;0;0;1.0;0;0;1.0;1.0;0;0;0;0;0
446445;1.52;1.03;0;1292.0;19.5;78.75;12.75;0;9.61;14.48;301.85;320.97;2.31;142110.0;0;0;27.0;4497.0;969.27;624.99;1.0;1.0;0;1.0;0;0;1.0;0;0;1.0;0;0;1.0;1.0;0;0;0;0;0
446958;1.41;1.02;0;1337.0;19.5;78.75;9.75;0;9.00;14.39;300.13;287.95;2.31;142110.0;0;0;27.0;4504.0;969.27;820.30;1.0;1.0;0;1.0;0;0;1.0;0;0;1.0;0;0;1.0;1.0;0;0;0;0;0
447519;1.38;1.00;0;1327.0;19.5;78.75;10.5;0;9.04;14.48;226.97;313.74;2.31;142110.0;0;0;26.0;4513.0;969.27;722.64;1.0;1.0;0;1.0;0;0;1.0;0;0;1.0;0;0;1.0;1.0;0;0;0;0;0
448031;1.33;0.99;0;1351.0;19.5;78.75;8.25;0;8.53;14.48;181.02;306.97;2.31;142110.0;0;0;26.0;4515.0;969.27;742.17;1.0;1.0;0;1.0;0;0;1.0;0;0;1.0;0;0;1.0;1.0;0;0;0;0;0
448547;1.38;0.99;0;1284.0;19.5;78.75;12.75;0;9.48;14.39;219.81;311.54;2.31;142110.0;0;0;26.0;4537.0;969.27;117.18;1.0;1.0;0;1.0;0;0;1.0;0;0;1.0;0;0;1.0;1.0;0;0;0;0;0
449058;1.40;1.00;0;1329.0;19.5;78.75;9.75;0;8.95;14.39;216.50;335.42;2.31;142110.0;0;0;27.0;4502.0;969.27;58.59;1.0;1.0;0;1.0;0;0;1.0;0;0;1.0;0;0;1.0;1.0;0;0;0;0;0
449573;1.47;1.02;0;1296.0;19.5;78.75;12.0;0;9.35;14.48;235.94;342.38;2.31;142110.0;0;0;26.0;4502.0;969.27;429.68;1.0;1.0;0;1.0;0;0;1.0;0;0;1.0;0;0;1.0;1.0;0;0;0;0;0
450086;1.39;1.00;0;1305.0;19.5;78.75;12.0;0;9.36;14.39;234.16;349.52;2.31;142110.0;0;0;26.0;4516.0;969.27;624.99;1.0;1.0;0;1.0;0;0;1.0;0;0;1.0;0;0;1.0;1.0;0;0;0;0;0
450598;1.40;0.99;0;1282.0;19.5;78.75;12.75;0;9.48;14.39;247.77;350.03;2.31;142110.0;0;0;26.0;4505.0;969.27;429.68;1.0;1.0;0;1.0;0;0;1.0;0;0;1.0;0;0;1.0;1.0;0;0;0;0;0
451113;1.36;1.00;0;1308.0;19.5;78.75;12.0;0;9.35;14.39;275.02;350.50;2.31;142110.0;0;0;26.0;4521.0;969.27;0;1.0;1.0;0;1.0;0;0;1.0;0;0;1.0;0;0;1.0;1.0;0;0;0;0;0
451630;1.47;1.01;0;1305.0;19.5;78.75;12.0;0;9.40;14.39;289.06;335.19;2.31;142110.0;0;0;27.0;4499.0;969.27;39.06;1.0;1.0;0;1.0;0;0;1.0;0;0;1.0;0;0;1.0;1.0;0;0;0;0;0
452145;1.46;1.03;0;1246.0;19.5;79.5;15.75;0;9.89;14.39;288.71;334.86;2.31;142110.0;0;0;26.0;4518.0;969.27;449.21;1.0;1.0;0;1.0;0;0;1.0;0;0;1.0;0;0;1.0;1.0;0;0;0;0;0
452653;1.49;1.02;0;1269.0;19.5;79.5;12.75;0;9.46;14.48;284.20;347.04;2.31;142110.0;0;0;26.0;4524.0;969.27;761.70;1.0;1.0;0;1.0;0;0;1.0;0;0;1.0;0;0;1.0;1.0;0;0;0;0;0
453167;1.40;1.00;0;1286.0;19.5;79.5;12.0;0;9.35;14.39;285.54;345.48;2.31;142110.0;0;0;26.0;4505.0;969.27;781.24;1.0;1.0;0;1.0;0;0;1.0;0;0;1.0;0;0;1.0;1.0;0;0;0;0;0
453680;1.35;0.99;0;1312.0;19.5;79.5;10.5;0;8.95;14.20;264.16;310.39;2.58;142110.0;0;0;25.0;4518.0;969.27;195.31;1.0;1.0;0;1.0;0;0;1.0;0;0;1.0;0;0;1.0;1.0;0;0;0;0;0
454193;1.40;1.00;0;1280.0;19.5;79.5;12.0;0;9.32;14.48;242.32;282.03;2.31;142110.0;0;0;26.0;4534.0;969.27;39.06;1.0;1.0;0;1.0;0;0;1.0;0;0;1.0;0;0;1.0;1.0;0;0;0;0;0
454708;1.55;1.02;0;1254.0;19.5;79.5;15.0;0;9.75;14.48;252.09;282.57;2.31;142110.0;0;0;26.0;4506.0;969.27;58.59;1.0;1.0;0;1.0;0;0;1.0;0;0;1.0;0;0;1.0;1.0;0;0;0;0;0
455223;1.44;1.03;0;1296.0;19.5;79.5;12.0;0;9.43;14.48;263.81;313.18;2.31;142110.0;0;0;26.0;4490.0;969.27;839.83;1.0;1.0;0;1.0;0;0;1.0;0;0;1.0;0;0;1.0;1.0;0;0;0;0;0
455733;1.46;1.01;0;1294.0;19.5;79.5;12.0;0;9.04;14.39;284.00;308.57;2.31;142110.0;0;0;27.0;4500.0;969.27;820.30;1.0;1.0;0;1.0;0;0;1.0;0;0;1.0;0;0;1.0;1.0;0;0;0;0;0
456301;1.44;0.99;0;1258.0;19.5;79.5;13.5;0;9.65;14.39;299.31;333.14;2.31;142110.0;0;0;26.0;4523.0;969.27;644.52;1.0;1.0;0;1.0;0;0;1.0;0;0;1.0;0;0;1.0;1.0;0;0;0;0;0
456880;1.35;0.98;0;1293.0;19.5;79.5;12.0;0;9.39;14.39;313.65;334.99;2.31;142110.0;0;0;26.0;4501.0;969.27;97.65;1.0;1.0;0;1.0;0;0;1.0;0;0;1.0;0;0;1.0;1.0;0;0;0;0;0
457417;1.47;0.99;0;1265.0;19.5;79.5;13.5;0;9.63;14.39;324.68;337.32;2.31;142110.0;0;0;26.0;4524.0;969.27;97.65;1.0;1.0;0;1.0;0;0;1.0;0;0;1.0;0;0;1.0;1.0;0;0;0;0;0
457928;1.48;1.01;0;1275.0;19.5;79.5;12.75;0;9.52;14.39;310.60;336.75;2.31;142110.0;0;0;26.0;4500.0;969.27;58.59;1.0;1.0;0;1.0;0;0;1.0;0;0;1.0;0;0;1.0;1.0;0;0;0;0;0
458443;1.48;1.01;0;1266.0;19.5;79.5;13.5;0;9.62;14.39;273.43;324.64;2.31;142110.0;0;0;26.0;4507.0;969.27;527.33;1.0;1.0;0;1.0;0;0;1.0;0;0;1.0;0;0;1.0;1.0;0;0;0;0;0
458966;1.49;1.00;0;1274.0;19.5;79.5;12.75;0;9.54;14.39;225.31;327.69;2.31;142110.0;0;0;26.0;4509.0;969.27;742.17;1.0;1.0;0;1.0;0;0;1.0;0;0;1.0;0;0;1.0;1.0;0;0;0;0;0
459488;1.48;0.99;0;1285.0;19.5;79.5;12.0;0;9.48;14.39;169.48;337.90;2.31;142110.0;0;0;27.0;4515.0;969.27;175.77;1.0;1.0;0;1.0;0;0;1.0;0;0;1.0;0;0;1.0;1.0;0;0;0;0;0
459983;1.43;0.99;0;1274.0;19.5;79.5;12.75;0;9.62;14.39;169.20;283.82;2.31;142110.0;0;0;27.0;4526.0;969.27;195.31;1.0;1.0;0;1.0;0;0;1.0;0;0;1.0;0;0;1.0;1.0;0;0;0;0;0
460498;1.40;1.00;0;1304.0;19.5;79.5;11.25;0;9.25;14.48;194.51;316.77;2.31;142110.0;0;0;27.0;4508.0;969.27;488.27;1.0;1.0;0;1.0;0;0;1.0;0;0;1.0;0;0;1.0;1.0;0;0;0;0;0
461011;1.38;0.99;0;1297.0;19.5;79.5;11.25;0;9.24;14.48;203.97;324.31;2.31;142110.0;0;0;26.0;4527.0;969.27;19.53;1.0;1.0;0;1.0;0;0;1.0;0;0;1.0;0;0;1.0;1.0;0;0;0;0;0
461524;1.47;1.00;0;1211.0;19.5;79.5;18.0;0;10.31;14.29;239.47;335.46;2.58;142110.0;0;0;26.0;4519.0;969.27;58.59;1.0;1.0;0;1.0;0;0;1.0;0;0;1.0;0;0;1.0;1.0;0;0;0;0;0
462048;1.42;1.00;0;1311.0;19.5;79.5;10.5;0;9.05;14.39;268.65;338.70;2.31;142110.0;0;0;26.0;4511.0;969.27;683.58;1.0;1.0;0;1.0;0;0;1.0;0;0;1.0;0;0;1.0;1.0;0;0;0;0;0
462550;1.48;0.98;0;1265.0;19.5;79.5;13.5;0;9.65;14.29;294.76;321.38;2.58;142110.0;0;0;27.0;4526.0;969.27;624.99;1.0;1.0;0;1.0;0;0;1.0;0;0;1.0;0;0;1.0;1.0;0;0;0;0;0
463066;1.41;1.00;0;1305.0;19.5;80.25;10.5;0;9.04;14.29;311.13;329.02;2.58;142110.0;0;0;26.0;4540.0;969.27;156.24;1.0;1.0;0;1.0;0;0;1.0;0;0;1.0;0;0;0;1.0;0;0;0;0;0
463580;1.36;0.98;0;1318.0;19.5;80.25;10.5;0;9.04;14.20;316.63;260.60;2.58;142110.0;0;0;27.0;4504.0;969.27;683.58;1.0;1.0;0;1.0;0;0;1.0;0;0;1.0;0;0;1.0;1.0;0;0;0;0;0
464093;1.40;0.98;0;1307.0;19.5;80.25;11.25;0;9.13;14.29;323.14;268.24;2.58;142110.0;0;0;26.0;4514.0;969.27;19.53;1.0;1.0;0;1.0;0;0;1.0;0;0;1.0;0;0;1.0;1.0;0;0;0;0;0
464610;1.40;1.00;0;1303.0;19.5;80.25;12.0;0;9.35;14.48;325.85;223.57;2.31;142110.0;0;0;26.0;4514.0;969.27;19.53;1.0;1.0;0;1.0;0;0;1.0;0;0;1.0;0;0;1.0;1.0;0;0;0;0;0
465120;1.48;1.02;0;1299.0;19.5;80.25;12.0;0;9.39;14.48;295.09;192.42;2.31;142110.0;0;0;27.0;4502.0;969.27;664.05;1.0;1.0;0;1.0;0;0;1.0;0;0;1.0;0;0;1.0;1.0;0;0;0;0;0
465637;1.41;1.00;0;1277.0;19.5;80.25;12.75;0;9.49;14.48;286.73;169.61;2.31;142110.0;0;0;26.0;4527.0;969.27;800.77;1.0;1.0;0;1.0;0;0;1.0;0;0;1.0;0;0;1.0;1.0;0;0;0;0;0
466148;1.40;0.99;0;1287.0;19.5;80.25;12.0;0;9.37;14.39;316.34;179.34;2.31;142110.0;0;0;26.0;4527.0;969.27;722.64;1.0;1.0;0;1.0;0;0;1.0;0;0;1.0;0;0;1.0;1.0;0;0;0;0;0
466662;1.40;0.98;0;1288.0;19.5;80.25;12.0;0;9.39;14.39;329.64;209.63;2.31;142110.0;0;0;27.0;4508.0;969.27;117.18;1.0;1.0;0;1.0;0;0;1.0;0;0;1.0;0;0;1.0;1.0;0;0;0;0;0
467185;1.44;0.99;0;1298.0;19.5;80.25;11.25;0;9.17;14.48;339.33;245.72;2.31;142110.0;0;0;26.0;4504.0;969.27;39.06;1.0;1.0;0;1.0;0;0;1.0;0;0;1.0;0;0;1.0;1.0;0;0;0;0;0
467692;1.46;1.01;0;1273.0;19.5;80.25;12.75;0;9.53;14.39;342.02;258.03;2.31;142110.0;0;0;26.0;4514.0;969.27;156.24;1.0;1.0;0;1.0;0;0;1.0;0;0;1.0;0;0;1.0;1.0;0;0;0;0;0
468203;1.44;1.01;0;1306.0;19.5;80.25;11.25;0;9.16;14.39;340.52;282.91;2.31;142110.0;0;0;26.0;4501.0;969.27;742.17;1.0;1.0;0;1.0;0;0;1.0;0;0;1.0;0;0;1.0;1.0;0;0;0;0;0
468717;1.41;0.99;0;1298.0;19.5;80.25;12.0;0;9.43;14.48;340.73;302.03;2.31;142110.0;0;0;27.0;4507.0;969.27;761.70;1.0;1.0;0;1.0;0;0;1.0;0;0;1.0;0;0;1.0;1.0;0;0;0;0;0
469231;1.41;0.98;0;1296.0;19.5;80.25;11.25;0;9.21;14.39;339.74;297.10;2.31;142110.0;0;0;27.0;4512.0;969.27;742.17;1.0;1.0;0;1.0;0;0;1.0;0;0;1.0;0;0;1.0;1.0;0;0;0;0;0
469745;1.37;0.97;0;1269.0;19.5;80.25;12.75;0;9.52;14.39;324.60;304.68;2.31;142110.0;0;0;26.0;4537.0;969.27;58.59;1.0;1.0;0;1.0;0;0;1.0;0;0;1.0;0;0;1.0;1.0;0;0;0;0;0
470259;1.43;0.98;0;1284.0;19.5;80.25;12.0;0;9.39;14.48;327.73;317.44;2.31;142110.0;0;0;26.0;4493.0;969.27;253.90;1.0;1.0;0;1.0;0;0;1.0;0;0;1.0;0;0;1.0;1.0;0;0;0;0;0
470773;1.39;1.00;0;1313.0;19.5;80.25;10.5;0;9.05;14.39;325.58;308.51;2.31;142110.0;0;0;27.0;4516.0;969.27;39.06;1.0;1.0;0;1.0;0;0;1.0;0;0;1.0;0;0;1.0;1.0;0;0;0;0;0
471287;1.54;1.01;0;1259.0;19.5;80.25;14.25;0;9.82;14.39;273.10;244.84;2.31;142110.0;0;0;27.0;4504.0;969.27;253.90;1.0;1.0;0;1.0;0;0;1.0;0;0;1.0;0;0;1.0;1.0;0;0;0;0;0
471800;1.41;1.01;0;1305.0;19.5;80.25;10.5;0;9.10;14.48;291.79;234.14;2.31;142110.0;0;0;27.0;4532.0;969.27;820.30;1.0;1.0;0;1.0;0;0;1.0;0;0;1.0;0;0;1.0;1.0;0;0;0;0;0
472314;1.41;1.00;0;1316.0;19.5;80.25;10.5;0;9.04;14.39;308.86;252.54;2.31;142110.0;0;0;26.0;4499.0;969.27;820.30;1.0;1.0;0;1.0;0;0;1.0;0;0;1.0;0;0;1.0;1.0;0;0;0;0;0
472828;1.36;0.98;0;1303.0;19.5;80.25;11.25;0;9.14;14.48;321.19;278.67;2.31;142110.0;0;0;26.0;4507.0;969.27;742.17;1.0;1.0;0;1.0;0;0;1.0;0;0;1.0;0;0;1.0;1.0;0;0;0;0;0
473341;3.07;1.00;0;2622.0;19.5;80.25;25.5;7.05;20.98;14.39;293.61;280.07;2.31;142110.0;0;0;33.0;4445.0;969.27;898.42;1.0;1.0;0;1.0;0;0;1.0;0;0;1.0;0;0;1.0;1.0;0;0;0;0;0
473859;4.86;1.00;0;2225.0;19.5;80.25;20.25;11.37;29.56;14.48;152.80;133.91;2.31;142110.0;0;0;33.0;4578.0;969.27;898.42;1.0;1.0;0;1.0;0;0;1.0;0;0;1.0;0;0;1.0;1.0;0;0;0;0;0
474371;4.81;0.99;12.0;1982.0;19.5;80.25;13.5;13.33;32.98;14.29;100.40;87.80;2.58;142110.0;12.0;12.0;33.0;4526.0;969.27;878.89;1.0;1.0;0;1.0;0;0;1.0;0;0;1.0;0;0;1.0;1.0;0;0;0;0;0
474884;4.48;0.98;20.0;2269.0;19.5;81.0;17.25;15.29;33.21;14.48;62.41;60.58;2.31;142110.0;19.0;20.0;32.0;4415.0;969.27;859.36;1.0;1.0;0;1.0;0;0;1.0;0;0;1.0;0;0;1.0;1.0;0;0;0;0;0
475401;3.92;0.94;26.0;2989.0;19.5;81.0;27.0;16.86;30.94;14.48;36.81;33.88;2.31;142110.0;26.0;27.0;32.0;4502.0;969.27;703.11;1.0;1.0;0;1.0;0;0;1.0;0;0;1.0;0;0;1.0;1.0;0;0;0;0;0
475914;0.96;1.00;33.0;3656.0;19.5;81.0;41.25;0;18.53;14.48;17.51;16.09;2.31;142110.0;32.0;34.0;32.0;4610.0;969.34;664.05;1.0;1.0;0;1.0;0;0;1.0;0;0;1.0;0;0;1.0;1.0;0;0;0;0;0
476425;4.89;1.00;36.0;2792.0;19.5;81.0;26.25;17.64;31.49;14.39;8.72;7.98;2.31;142110.0;35.0;36.0;32.0;4146.0;969.38;839.83;2.0;1.0;0;1.0;0;0;1.0;0;0;1.0;0;0;1.0;1.0;0;0;0;0;0
476940;4.44;0.96;41.0;3236.0;19.5;81.0;26.25;19.61;32.95;14.39;4.31;4.17;2.31;142110.0;41.0;42.0;32.0;4289.0;969.50;820.30;2.0;1.0;0;1.0;0;0;1.0;0;0;0;0;0;1.0;1.0;0;0;0;0;0
477454;2.76;1.00;43.0;2905.0;19.5;81.0;25.5;3.92;11.58;14.48;3.35;1.60;2.31;142110.0;43.0;44.0;32.0;4392.0;969.50;878.89;3.0;1.0;0;1.0;0;0;1.0;0;0;1.0;0;0;1.0;1.0;0;0;0;0;0
477968;3.25;0.99;45.0;2797.0;19.5;81.0;24.75;8.23;22.67;14.48;1.69;0.82;2.31;142110.0;44.0;46.0;32.0;4168.0;969.58;859.36;3.0;1.0;0;1.0;0;0;1.0;0;0;1.0;0;0;1.0;1.0;0;0;0;0;0
478481;3.00;0.95;47.0;2940.0;19.5;81.0;33.75;8.23;22.94;14.48;0.82;0.33;2.31;142110.0;47.0;48.0;32.0;4302.0;969.50;859.36;3.0;1.0;0;1.0;0;0;1.0;0;0;1.0;0;0;1.0;1.0;0;0;0;0;0
478998;2.87;0.91;51.0;3148.0;19.5;81.0;34.5;9.41;23.37;14.20;0.33;0.07;2.58;142110.0;51.0;51.0;32.0;4441.0;969.54;839.83;3.0;1.0;0;1.0;0;0;1.0;0;0;1.0;0;0;1.0;1.0;0;0;0;0;0
479510;2.69;0.86;55.0;3367.0;19.5;80.25;36.0;9.80;23.59;14.48;2.16;0;2.31;142110.0;53.0;55.0;33.0;4495.0;969.54;624.99;3.0;1.0;0;1.0;0;0;1.0;0;0;1.0;0;0;1.0;1.0;0;0;0;0;0
480024;2.58;0.86;57.0;3521.0;19.5;80.25;37.5;9.41;22.67;14.48;0.93;1.30;2.31;142110.0;56.0;58.0;33.0;4505.0;969.54;781.24;3.0;1.0;0;1.0;0;0;1.0;0;0;1.0;0;0;1.0;1.0;0;0;0;0;0
480538;2.34;0.84;60.0;3678.0;19.5;80.25;39.75;8.23;21.08;14.39;1.42;0.48;2.31;142110.0;59.0;60.0;33.0;4524.0;969.69;800.77;3.0;1.0;0;1.0;0;0;1.0;0;0;1.0;0;0;1.0;1.0;0;0;0;0;0
481051;2.14;0.81;62.0;3819.0;19.5;80.25;42.0;7.84;20.06;14.29;1.75;0.05;2.58;142110.0;60.0;62.0;33.0;4537.0;969.62;117.18;3.0;1.0;0;1.0;0;0;1.0;0;0;1.0;0;0;1.0;1.0;0;0;0;0;0
481568;2.10;0.99;63.0;3841.0;19.5;80.25;43.5;5.88;15.94;14.39;0.64;0;2.31;142110.0;62.0;64.0;33.0;4517.0;969.58;878.89;3.0;1.0;0;1.0;0;0;1.0;0;0;1.0;0;0;1.0;1.0;0;0;0;0;0
482080;0.37;1.00;63.0;3784.0;19.5;80.25;41.25;0;4.58;14.48;0.17;0;2.31;142110.0;63.0;64.0;33.0;4615.0;969.50;839.83;3.0;1.0;0;1.0;0;0;1.0;0;0;0;0;0;1.0;1.0;0;0;0;0;0
482594;2.62;1.00;65.0;3368.0;19.5;80.25;27.75;7.05;17.58;14.48;0;0;2.31;142110.0;63.0;65.0;33.0;4176.0;969.66;859.36;4.0;1.0;0;1.0;0;0;1.0;0;0;0;0;0;1.0;1.0;0;0;0;0;0
483109;1.91;0.96;66.0;3451.0;19.5;79.5;39.0;5.09;14.22;14.48;1.07;0;2.31;142110.0;65.0;66.0;33.0;4300.0;969.62;859.36;4.0;1.0;0;1.0;0;0;1.0;0;0;0;0;0;1.0;1.0;0;0;0;0;0
483623;1.32;0.98;66.0;3430.0;19.5;79.5;39.0;3.13;9.59;14.39;0.41;2.08;2.31;142110.0;66.0;66.0;33.0;4449.0;969.62;859.36;4.0;1.0;0;1.0;0;0;1.0;0;0;0;0;0;1.0;1.0;0;0;0;0;0
484136;0.85;0.97;66.0;3247.0;19.5;79.5;38.25;1.17;6.38;14.48;1.91;0.89;2.31;142110.0;65.0;67.0;33.0;4504.0;969.58;859.36;4.0;1.0;0;1.0;0;0;1.0;0;0;0;0;0;1.0;1.0;0;0;0;0;0
484651;0.85;0.95;65.0;3382.0;19.5;79.5;39.0;1.56;6.15;14.39;2.48;1.42;2.31;142110.0;65.0;65.0;33.0;4518.0;969.66;859.36;4.0;1.0;0;1.0;0;0;1.0;0;0;0;0;0;1.0;1.0;0;0;0;0;0
485168;0.91;0.94;65.0;3397.0;19.5;79.5;39.0;1.56;6.71;14.48;1.07;0.58;2.31;142110.0;64.0;65.0;33.0;4515.0;969.69;859.36;4.0;1.0;0;1.0;0;0;1.0;0;0;0;0;0;1.0;1.0;0;0;0;0;0
485679;0.92;0.92;63.0;3352.0;19.5;78.75;38.25;1.96;7.07;14.48;0.41;1.56;2.31;142110.0;64.0;64.0;34.0;4516.0;969.69;839.83;4.0;1.0;0;1.0;0;0;1.0;0;0;0;0;0;1.0;1.0;0;0;0;0;0
486197;0.63;1.00;68.0;3305.0;19.5;78.75;40.5;0;10.06;14.20;102.45;95.98;2.58;142110.0;69.0;58.0;34.0;4538.0;969.85;839.83;4.0;1.0;0;1.0;0;0;1.0;0;0;0;0;0;1.0;1.0;0;0;0;0;0
486708;0.66;1.00;62.0;3284.0;19.5;78.75;-30.0;0;0;14.11;128.95;140.16;2.58;142110.0;63.0;63.0;34.0;4535.0;969.77;39.06;4.0;1.0;0;1.0;0;0;1.0;0;0;0;0;0;1.0;1.0;0;0;0;0;0
487221;0.64;1.00;62.0;3205.0;19.5;78.75;-30.0;0;0;14.48;146.98;168.21;2.31;142110.0;62.0;62.0;34.0;4531.0;969.89;0;4.0;1.0;0;1.0;0;0;1.0;0;0;0;0;0;1.0;1.0;0;0;0;0;0
487737;0.66;1.00;61.0;3171.0;19.5;78.75;-30.0;0;0;14.48;196.96;190.00;2.31;142110.0;61.0;61.0;34.0;4530.0;970.09;0;4.0;1.0;0;1.0;0;0;1.0;0;0;0;0;0;1.0;1.0;0;0;0;0;0
488249;0.68;1.00;61.0;3164.0;19.5;78.75;-30.0;0;0;14.48;203.83;180.37;2.31;142110.0;60.0;61.0;34.0;4529.0;970.20;0;4.0;1.0;0;1.0;0;0;1.0;0;0;0;0;0;1.0;1.0;0;0;0;0;0
488764;0.68;1.00;60.0;3100.0;19.5;78.75;-30.0;0;0;14.48;204.85;168.05;2.31;142110.0;59.0;60.0;34.0;4529.0;970.28;0;4.0;1.0;0;1.0;0;0;1.0;0;0;0;0;0;1.0;1.0;0;0;0;0;0
489325;0.69;1.00;57.0;2999.0;19.5;78.75;-30.0;0;0;14.48;211.68;249.88;2.31;142110.0;57.0;58.0;34.0;4545.0;970.36;0;4.0;1.0;0;1.0;0;0;1.0;0;0;1.0;0;0;1.0;1.0;0;0;0;0;0
489840;0.71;1.00;55.0;2917.0;19.5;78.0;-30.0;0;0;14.48;263.20;301.73;2.31;142110.0;56.0;56.0;34.0;4542.0;970.40;0;4.0;1.0;0;1.0;0;0;1.0;0;0;1.0;0;0;1.0;1.0;0;0;0;0;0
490354;2.43;1.00;56.0;2894.0;19.5;78.0;6.75;5.09;10.90;14.39;308.55;322.01;2.31;142110.0;55.0;56.0;34.0;4174.0;970.40;898.42;4.0;1.0;0;1.0;0;0;1.0;0;0;1.0;0;0;1.0;1.0;0;0;0;0;0
490870;2.29;0.98;56.0;2965.0;19.5;78.0;16.5;4.70;13.69;14.39;331.50;303.02;2.31;142110.0;55.0;57.0;34.0;4291.0;970.44;898.42;4.0;1.0;0;1.0;0;0;1.0;0;0;1.0;0;0;1.0;1.0;0;0;0;0;0
491385;2.17;0.95;56.0;2940.0;19.5;78.0;25.5;5.09;15.53;14.39;289.72;303.61;2.31;142110.0;56.0;57.0;34.0;4429.0;970.44;898.42;4.0;1.0;0;1.0;0;0;1.0;0;0;1.0;0;0;1.0;1.0;0;0;0;0;0
491896;3.10;0.99;57.0;3022.0;19.5;78.0;34.5;8.62;22.96;14.48;326.65;325.79;2.31;142110.0;57.0;58.0;34.0;4460.0;970.44;878.89;4.0;1.0;0;1.0;0;0;1.0;0;0;1.0;0;0;1.0;1.0;0;0;0;0;0
492411;2.88;0.95;58.0;3005.0;19.5;78.0;34.5;8.23;22.81;14.39;345.89;344.37;2.31;142110.0;58.0;59.0;34.0;4518.0;970.48;839.83;4.0;1.0;0;1.0;0;0;1.0;0;0;1.0;0;0;1.0;1.0;0;0;0;0;0
492924;2.31;0.90;58.0;3077.0;19.5;78.0;35.25;6.27;19.39;14.39;308.92;311.05;2.31;142110.0;58.0;59.0;34.0;4528.0;970.48;839.83;4.0;1.0;0;1.0;0;0;1.0;0;0;1.0;0;0;1.0;1.0;0;0;0;0;0
493441;1.99;0.87;60.0;3111.0;19.5;78.0;36.0;5.49;17.13;14.39;295.21;292.40;2.31;142110.0;60.0;60.0;34.0;4524.0;970.48;820.30;4.0;1.0;0;1.0;0;0;1.0;0;0;0;0;0;1.0;1.0;0;0;0;0;0
493956;1.52;0.84;61.0;3152.0;19.5;78.0;36.75;4.31;13.38;14.48;278.51;220.66;2.31;142110.0;60.0;61.0;34.0;4532.0;970.48;800.77;4.0;1.0;0;1.0;0;0;1.0;0;0;0;0;0;1.0;1.0;0;0;0;0;0
494469;1.16;0.82;62.0;3184.0;19.5;78.0;36.75;3.13;10.45;14.39;297.30;192.29;2.31;142110.0;61.0;62.0;34.0;4536.0;970.48;800.77;4.0;1.0;0;1.0;0;0;1.0;0;0;0;0;0;1.0;1.0;0;0;0;0;0
494983;0.67;0.81;62.0;3148.0;19.5;78.0;36.0;1.17;5.91;14.48;291.07;167.60;2.31;142110.0;62.0;62.0;34.0;4530.0;970.48;800.77;4.0;1.0;0;1.0;0;0;1.0;0;0;0;0;0;1.0;1.0;0;0;0;0;0
495497;0.61;0.80;61.0;3175.0;19.5;78.0;36.75;0.39;5.63;14.48;315.40;243.79;2.31;142110.0;61.0;61.0;34.0;4514.0;970.48;0;4.0;1.0;0;1.0;0;0;1.0;0;0;0;0;0;1.0;1.0;0;0;0;0;0
496011;0.68;1.00;60.0;3138.0;19.5;78.0;-30.0;0;0;14.48;340.25;294.72;2.31;142110.0;60.0;60.0;34.0;4552.0;970.52;0;4.0;1.0;0;1.0;0;0;1.0;0;0;0;0;0;1.0;1.0;0;0;0;0;0
496526;0.68;1.00;60.0;3058.0;19.5;78.0;-30.0;0;0;14.48;347.63;306.71;2.31;142110.0;60.0;59.0;34.0;4552.0;970.52;0;4.0;1.0;0;1.0;0;0;1.0;0;0;0;0;0;1.0;1.0;0;0;0;0;0
497041;0.68;1.00;58.0;3039.0;19.5;78.0;-30.0;0;0;14.48;352.71;308.30;2.31;142110.0;59.0;58.0;34.0;4561.0;970.59;0;4.0;1.0;0;1.0;0;0;1.0;0;0;0;0;0;1.0;1.0;0;0;0;0;0
497556;0.70;1.00;57.0;2981.0;19.5;78.0;-30.0;0;0;14.29;305.31;278.69;2.58;142110.0;58.0;58.0;34.0;4569.0;970.59;0;4.0;1.0;0;1.0;0;0;1.0;0;0;0;0;0;1.0;1.0;0;0;0;0;0
498071;0.70;1.00;57.0;2927.0;19.5;78.0;-30.0;0;0;14.58;270.95;237.07;2.31;142110.0;57.0;57.0;34.0;4578.0;970.55;0;4.0;1.0;0;1.0;0;0;1.0;0;0;1.0;0;0;1.0;1.0;0;0;0;0;0
498584;0.72;1.00;55.0;2874.0;19.5;78.0;-30.0;0;0;14.39;230.47;240.47;2.31;142110.0;56.0;55.0;34.0;4580.0;970.75;0;4.0;1.0;0;1.0;0;0;1.0;0;0;1.0;0;0;1.0;1.0;0;0;0;0;0
499098;0.72;1.00;55.0;2861.0;19.5;78.0;-30.0;0;0;14.39;218.07;230.33;2.31;142110.0;55.0;55.0;34.0;4580.0;970.91;19.53;4.0;1.0;0;1.0;0;0;1.0;0;0;1.0;0;0;1.0;1.0;0;0;0;0;0
499613;0.73;1.00;53.0;2790.0;19.5;78.0;-30.0;0;0;14.48;237.50;224.08;2.31;142110.0;53.0;54.0;34.0;4587.0;970.98;19.53;4.0;1.0;0;1.0;0;0;1.0;0;0;1.0;0;0;1.0;1.0;0;0;0;0;0
500128;0.77;1.00;50.0;2620.0;19.5;78.0;-30.0;0;0;14.48;211.25;197.76;2.31;142110.0;50.0;50.0;34.0;4565.0;971.18;19.53;4.0;1.0;0;1.0;0;0;1.0;0;0;1.0;0;0;1.0;1.0;0;0;0;0;0
500642;0.89;1.00;46.0;2428.0;19.5;78.0;12.75;0;9.43;14.29;222.70;204.77;2.58;142110.0;46.0;47.0;29.0;4220.0;971.34;39.06;4.0;1.0;0;1.0;0;0;1.0;0;0;1.0;0;0;1.0;1.0;0;0;0;0;0
501157;0.92;1.00;42.0;2248.0;19.5;78.0;13.5;0;9.65;14.48;252.34;257.38;2.31;142110.0;42.0;43.0;26.0;4292.0;971.45;58.59;4.0;1.0;0;1.0;0;0;1.0;0;0;1.0;0;0;1.0;1.0;0;0;0;0;0
501672;0.96;1.00;40.0;2059.0;19.5;78.0;12.0;0;9.49;14.39;295.05;279.41;2.31;142110.0;40.0;40.0;26.0;4413.0;971.53;58.59;4.0;1.0;0;1.0;0;0;1.0;0;0;1.0;0;0;1.0;1.0;0;0;0;0;0
502185;1.00;1.00;37.0;1917.0;19.5;78.0;12.0;0;9.47;14.48;278.71;299.98;2.31;142110.0;36.0;37.0;26.0;4476.0;971.61;58.59;4.0;1.0;0;1.0;0;0;1.0;0;0;1.0;0;0;1.0;1.0;0;0;0;0;0
502700;1.10;1.00;33.0;1788.0;19.5;78.0;12.0;0;9.57;14.48;295.82;328.86;2.31;142110.0;34.0;34.0;26.0;4514.0;971.65;78.12;4.0;1.0;0;1.0;0;0;1.0;0;0;1.0;0;0;1.0;1.0;0;0;0;0;0
503214;1.76;1.00;32.0;1613.0;19.5;78.0;11.25;1.17;10.01;14.39;323.14;337.28;2.31;142110.0;32.0;32.0;34.0;4495.0;971.65;878.89;4.0;1.0;0;1.0;0;0;1.0;0;0;1.0;0;0;1.0;1.0;0;0;0;0;0
503728;1.09;1.00;30.0;1841.0;19.5;78.0;12.75;0;9.59;14.48;334.50;326.40;2.31;142110.0;30.0;30.0;26.0;4525.0;971.69;878.89;3.0;1.0;0;1.0;0;0;1.0;0;0;1.0;0;0;1.0;1.0;0;0;0;0;0
504244;1.08;0.99;30.0;1794.0;19.5;78.0;12.75;0;9.54;14.39;321.38;301.89;2.31;142110.0;29.0;30.0;26.0;4503.0;971.69;898.42;3.0;1.0;0;1.0;0;0;1.0;0;0;1.0;0;0;1.0;1.0;0;0;0;0;0
504796;0.93;1.00;27.0;2134.0;19.5;78.0;12.75;0;9.66;14.48;328.10;310.60;2.31;142110.0;27.0;27.0;27.0;4532.0;971.69;839.83;2.0;1.0;0;1.0;0;0;1.0;0;0;1.0;0;0;1.0;1.0;0;0;0;0;0
505438;1.04;1.00;25.0;1925.0;19.5;78.0;12.0;0;9.43;14.48;326.03;339.11;2.31;142110.0;25.0;25.0;26.0;4499.0;971.73;585.93;2.0;1.0;0;1.0;0;0;1.0;0;0;1.0;0;0;1.0;1.0;0;0;0;0;0
505953;1.13;1.00;22.0;1779.0;19.5;78.0;12.0;0;9.61;14.39;315.95;338.96;2.31;142110.0;22.0;22.0;26.0;4525.0;971.73;507.80;2.0;1.0;0;1.0;0;0;1.0;0;0;1.0;0;0;1.0;1.0;0;0;0;0;0
506465;1.19;1.00;20.0;1647.0;19.5;78.0;12.0;0;9.63;14.48;311.19;257.21;2.31;142110.0;21.0;21.0;26.0;4477.0;971.73;859.36;2.0;1.0;0;1.0;0;0;1.0;0;0;1.0;0;0;1.0;1.0;0;0;0;0;0
506979;1.24;0.98;18.0;1523.0;19.5;78.0;12.0;0;9.48;14.48;309.17;277.36;2.31;142110.0;19.0;19.0;27.0;4494.0;971.73;859.36;2.0;1.0;0;1.0;0;0;1.0;0;0;1.0;0;0;1.0;1.0;0;0;0;0;0
507494;1.32;0.97;18.0;1367.0;19.5;78.0;11.25;0;9.23;14.39;281.15;312.05;2.31;142110.0;18.0;18.0;26.0;4489.0;971.73;839.83;2.0;1.0;0;1.0;0;0;1.0;0;0;1.0;0;0;1.0;1.0;0;0;0;0;0
508008;1.33;0.95;17.0;1369.0;19.5;78.0;12.0;0;9.39;14.39;280.70;322.96;2.31;142110.0;18.0;18.0;26.0;4497.0;971.73;800.77;2.0;1.0;0;1.0;0;0;1.0;0;0;1.0;0;0;1.0;1.0;0;0;0;0;0
508523;1.35;0.93;17.0;1324.0;19.5;78.0;11.25;0;9.23;14.39;300.80;332.75;2.31;142110.0;17.0;17.0;26.0;4515.0;971.73;781.24;2.0;1.0;0;1.0;0;0;1.0;0;0;1.0;0;0;1.0;1.0;0;0;0;0;0
509037;1.28;0.93;17.0;1320.0;19.5;78.0;12.0;0;9.40;14.48;318.33;270.86;2.31;142110.0;17.0;17.0;26.0;4510.0;971.73;39.06;2.0;1.0;0;1.0;0;0;1.0;0;0;1.0;0;0;1.0;1.0;0;0;0;0;0
509551;1.38;0.94;16.0;1255.0;19.5;78.0;16.5;0;10.01;14.48;329.23;205.63;2.31;142110.0;17.0;17.0;26.0;4512.0;971.73;39.06;2.0;1.0;0;1.0;0;0;1.0;0;0;1.0;0;0;1.0;1.0;0;0;1.0;0;0
510068;1.38;0.96;16.0;1315.0;19.5;78.0;12.0;0;9.37;14.48;339.04;171.27;2.31;142110.0;16.0;17.0;26.0;4517.0;971.88;39.06;0;1.0;0;1.0;0;0;1.0;0;0;1.0;0;0;1.0;1.0;0;0;0;0;0
510582;1.36;0.98;16.0;1401.0;19.5;78.0;12.0;0;9.44;14.39;283.88;161.78;2.31;142110.0;16.0;16.0;27.0;4519.0;972.04;78.12;1.0;1.0;0;1.0;0;0;1.0;0;0;1.0;0;0;1.0;1.0;0;0;0;0;0
511100;1.36;0.98;15.0;1405.0;19.5;78.0;12.0;0;9.50;14.39;311.87;156.84;2.31;142110.0;15.0;15.0;26.0;4508.0;972.19;800.77;1.0;1.0;0;1.0;0;0;1.0;0;0;1.0;0;0;1.0;1.0;0;0;0;0;0
511610;1.32;0.96;13.0;1345.0;19.5;78.0;11.25;0;9.16;14.39;319.84;194.61;2.31;142110.0;14.0;14.0;26.0;4509.0;972.35;820.30;1.0;1.0;0;1.0;0;0;1.0;0;0;1.0;0;0;1.0;1.0;0;0;0;0;0
512125;1.33;0.95;12.0;1303.0;19.5;78.0;12.0;0;9.41;14.39;292.28;173.52;2.31;142110.0;13.0;13.0;26.0;4514.0;972.55;332.02;1.0;1.0;0;1.0;0;0;1.0;0;0;1.0;0;0;1.0;1.0;0;0;0;0;0
512639;1.36;0.96;12.0;1333.0;19.5;78.75;11.25;0;9.18;14.29;299.80;217.95;2.58;142110.0;12.0;12.0;26.0;4521.0;972.66;39.06;1.0;1.0;0;1.0;0;0;1.0;0;0;1.0;0;0;1.0;1.0;0;0;0;0;0
513157;1.39;0.97;12.0;1335.0;19.5;78.75;11.25;0;9.18;14.29;315.01;257.95;2.58;142110.0;12.0;12.0;26.0;4500.0;972.78;58.59;1.0;1.0;0;1.0;0;0;1.0;0;0;1.0;0;0;1.0;1.0;0;0;0;0;0
513668;1.40;0.99;10.0;1282.0;19.5;78.75;13.5;0;9.66;14.39;328.68;282.83;2.31;142110.0;10.0;11.0;26.0;4503.0;972.82;39.06;1.0;1.0;0;1.0;0;0;1.0;0;0;1.0;0;0;1.0;1.0;0;0;0;0;0
514183;1.51;1.01;10.0;1260.0;19.5;78.75;15.0;0;9.85;14.48;333.67;285.23;2.31;142110.0;10.0;10.0;26.0;4520.0;972.86;136.71;1.0;1.0;0;1.0;0;0;1.0;0;0;1.0;0;0;1.0;1.0;0;0;0;0;0
514700;1.48;1.01;10.0;1268.0;19.5;78.75;15.0;0;9.90;14.48;332.61;300.44;2.31;142110.0;10.0;10.0;27.0;4514.0;972.90;761.70;1.0;1.0;0;1.0;0;0;1.0;0;0;1.0;0;0;1.0;1.0;0;0;0;0;0
515211;1.42;1.00;10.0;1352.0;19.5;78.75;12.0;0;9.49;14.39;343.55;296.75;2.31;142110.0;10.0;10.0;26.0;4507.0;972.94;839.83;1.0;1.0;0;1.0;0;0;1.0;0;0;1.0;0;0;1.0;1.0;0;0;0;0;0
515726;1.41;0.98;8.0;1267.0;19.5;78.75;14.25;0;9.79;14.48;345.97;288.63;2.31;142110.0;9.0;9.0;26.0;4500.0;972.94;800.77;1.0;1.0;0;1.0;0;0;1.0;0;0;1.0;0;0;1.0;1.0;0;0;0;0;0
516424;1.38;0.97;7.0;1316.0;19.5;78.75;11.25;0;9.21;14.39;344.35;313.00;2.31;142110.0;8.0;8.0;26.0;4513.0;972.94;644.52;1.0;1.0;0;1.0;0;0;1.0;0;0;1.0;0;0;1.0;1.0;0;0;0;0;0
517060;1.41;0.96;6.0;1287.0;19.5;78.75;12.75;0;9.57;14.48;297.40;306.05;2.31;142110.0;6.0;5.0;26.0;4516.0;972.98;39.06;1.0;1.0;0;1.0;0;0;1.0;0;0;1.0;0;0;1.0;1.0;0;0;0;0;0
517575;1.41;0.98;6.0;1308.0;19.5;78.75;12.0;0;9.50;14.39;318.55;329.23;2.31;142110.0;6.0;5.0;26.0;4506.0;972.98;39.06;1.0;1.0;0;1.0;0;0;1.0;0;0;1.0;0;0;1.0;1.0;0;0;0;0;0
518088;1.76;0.99;6.0;1285.0;19.5;78.75;12.75;0.39;10.55;14.39;329.41;247.38;2.31;142110.0;7.0;6.0;34.0;4499.0;972.98;312.49;1.0;1.0;0;1.0;0;0;1.0;0;0;1.0;0;0;1.0;1.0;0;0;0;0;0
518604;1.68;0.99;6.0;1256.0;19.5;78.75;12.0;0.39;10.67;14.29;330.85;236.07;2.58;142110.0;7.0;6.0;34.0;4547.0;972.98;898.42;1.0;1.0;0;1.0;0;0;1.0;0;0;1.0;0;0;1.0;1.0;0;0;0;0;0
519119;1.67;0.97;7.0;1337.0;19.5;78.75;12.75;0.39;12.64;14.48;320.46;234.22;2.31;142110.0;8.0;7.0;34.0;4501.0;972.98;898.42;1.0;1.0;0;1.0;0;0;1.0;0;0;1.0;0;0;1.0;1.0;0;0;0;0;0
519649;1.68;0.95;10.0;1434.0;19.5;78.75;12.75;1.17;10.82;14.20;327.36;267.99;2.58;142110.0;10.0;8.0;34.0;4514.0;972.98;859.36;1.0;1.0;0;1.0;0;0;1.0;0;0;1.0;0;0;1.0;1.0;0;0;0;0;0
520148;2.12;0.94;11.0;1531.0;19.5;78.75;12.75;1.96;13.77;14.39;330.60;294.41;2.31;142110.0;11.0;11.0;34.0;4549.0;972.98;859.36;1.0;1.0;0;1.0;0;0;1.0;0;0;1.0;0;0;1.0;1.0;0;0;0;0;0
520663;1.97;0.92;13.0;1588.0;19.5;79.5;13.5;1.96;13.09;14.29;337.63;273.94;2.58;142110.0;13.0;13.0;33.0;4524.0;972.98;820.30;1.0;1.0;0;1.0;0;0;1.0;0;0;1.0;0;0;1.0;1.0;0;0;0;0;0
521177;1.24;0.91;15.0;1415.0;19.5;79.5;12.0;0;9.53;14.39;268.32;208.38;2.31;142110.0;14.0;15.0;27.0;4477.0;972.98;820.30;1.0;1.0;0;1.0;0;0;1.0;0;0;1.0;0;0;1.0;1.0;0;0;0;0;0
521692;1.26;0.89;13.0;1353.0;19.5;79.5;11.25;0;9.16;14.39;225.18;238.91;2.31;142110.0;14.0;14.0;26.0;4506.0;972.98;742.17;1.0;1.0;0;1.0;0;0;1.0;0;0;1.0;0;0;1.0;1.0;0;0;0;0;0
522209;1.21;0.89;15.0;1389.0;19.5;79.5;12.0;0;9.35;14.39;195.31;231.31;2.31;142110.0;15.0;15.0;26.0;4515.0;972.98;78.12;1.0;1.0;0;1.0;0;0;1.0;0;0;1.0;0;0;1.0;1.0;0;0;0;0;0
522743;1.17;0.90;15.0;1454.0;19.5;79.5;12.0;0;9.32;14.48;176.96;205.63;2.31;142110.0;15.0;15.0;26.0;4516.0;972.98;39.06;1.0;1.0;0;1.0;0;0;1.0;0;0;1.0;0;0;1.0;1.0;0;0;0;0;0
524647;1.21;0.92;15.0;1483.0;19.5;79.5;12.0;0;9.43;14.58;151.29;194.01;2.31;142110.0;15.0;15.0;26.0;4524.0;972.98;664.05;1.0;1.0;0;1.0;0;0;1.0;0;0;1.0;0;0;1.0;1.0;0;0;0;0;0
525154;1.16;0.94;15.0;1586.0;20.25;79.5;12.0;0;9.44;14.39;192.21;297.52;2.31;142110.0;16.0;15.0;26.0;4519.0;972.98;820.30;1.0;1.0;0;1.0;0;0;1.0;0;0;1.0;0;0;1.0;1.0;0;0;0;0;0
525671;1.11;0.92;15.0;1563.0;20.25;79.5;12.0;0;9.35;14.39;225.80;305.83;2.31;142110.0;15.0;15.0;26.0;4508.0;972.98;820.30;1.0;1.0;0;1.0;0;0;1.0;0;0;1.0;0;0;1.0;1.0;0;0;0;0;0
526184;1.18;0.91;15.0;1437.0;20.25;79.5;12.0;0;9.39;14.48;245.51;314.14;2.31;142110.0;15.0;15.0;25.0;4487.0;972.98;195.31;1.0;1.0;0;1.0;0;0;1.0;0;0;1.0;0;0;1.0;1.0;0;0;0;0;0
526699;1.54;0.92;15.0;1621.0;20.25;79.5;39.75;0.39;13.03;14.39;259.86;288.30;2.31;142110.0;16.0;16.0;33.0;4569.0;972.98;781.24;1.0;1.0;0;1.0;0;0;1.0;0;0;1.0;0;0;1.0;1.0;0;0;0;0;0
527213;1.27;0.90;16.0;1740.0;20.25;79.5;13.5;0.39;9.34;14.39;161.70;189.12;2.31;142110.0;16.0;16.0;33.0;4550.0;972.98;839.83;1.0;1.0;0;1.0;0;0;1.0;0;0;1.0;0;0;1.0;1.0;0;0;0;0;0
527728;1.23;0.89;16.0;1818.0;20.25;79.5;14.25;0.39;9.25;14.39;111.78;124.01;2.31;142110.0;16.0;16.0;33.0;4515.0;972.98;820.30;1.0;1.0;0;1.0;0;0;1.0;0;0;1.0;0;0;1.0;1.0;0;0;0;0;0
528243;1.14;0.87;16.0;1834.0;20.25;79.5;15.0;0.39;10.22;14.39;73.31;89.07;2.31;142110.0;17.0;17.0;33.0;4513.0;972.98;800.77;1.0;1.0;0;1.0;0;0;1.0;0;0;1.0;0;0;1.0;1.0;0;0;0;0;0
528758;1.12;0.86;16.0;1873.0;20.25;80.25;15.75;0.39;10.33;14.39;48.04;61.57;2.31;142110.0;17.0;17.0;33.0;4512.0;972.98;683.58;1.0;1.0;0;1.0;0;0;1.0;0;0;1.0;0;0;1.0;1.0;0;0;0;0;0
529273;1.05;1.00;16.0;1829.0;20.25;80.25;12.0;0;9.44;14.48;42.08;52.75;2.31;142110.0;17.0;17.0;26.0;4514.0;972.98;839.83;1.0;1.0;0;1.0;0;0;1.0;0;0;1.0;0;0;1.0;1.0;0;0;0;0;0
529791;1.09;1.00;16.0;1805.0;20.25;80.25;11.25;0;9.23;14.39;61.81;115.16;2.31;142110.0;16.0;16.0;25.0;4510.0;972.98;820.30;1.0;1.0;0;1.0;0;0;1.0;0;0;1.0;0;0;1.0;1.0;0;0;0;0;0
530302;1.16;0.98;15.0;1645.0;20.25;80.25;11.25;0;9.29;14.39;53.21;90.09;2.31;142110.0;15.0;15.0;24.0;4479.0;972.98;820.30;1.0;1.0;0;1.0;0;0;1.0;0;0;1.0;0;0;1.0;1.0;0;0;0;0;0
530817;1.21;0.97;13.0;1507.0;20.25;80.25;12.0;0;9.35;14.39;44.89;91.51;2.31;142110.0;13.0;13.0;25.0;4473.0;972.98;820.30;1.0;1.0;0;1.0;0;0;1.0;0;0;1.0;0;0;1.0;1.0;0;0;0;0;0
531332;1.35;0.95;11.0;1273.0;20.25;80.25;13.5;0;9.45;14.39;36.93;73.31;2.31;142110.0;11.0;11.0;25.0;4512.0;972.98;800.77;1.0;1.0;0;1.0;0;0;1.0;0;0;1.0;0;0;1.0;1.0;0;0;0;0;0
531847;1.42;0.94;7.0;1254.0;20.25;80.25;15.0;0;9.67;14.48;30.68;56.30;2.31;142110.0;8.0;7.0;26.0;4501.0;972.98;371.08;1.0;1.0;0;1.0;0;0;1.0;0;0;1.0;0;0;1.0;1.0;0;0;0;0;0
532364;1.38;0.94;6.0;1239.0;20.25;80.25;16.5;0;9.97;14.39;28.68;68.37;2.31;142110.0;7.0;7.0;27.0;4518.0;972.98;0;1.0;1.0;0;1.0;0;0;1.0;0;0;1.0;0;0;1.0;1.0;0;0;0;0;0
532877;2.10;0.96;7.0;1211.0;20.25;80.25;12.0;0.78;10.91;14.39;61.46;113.93;2.31;142110.0;8.0;8.0;35.0;4503.0;972.98;703.11;1.0;1.0;0;1.0;0;0;1.0;0;0;1.0;0;0;1.0;1.0;0;0;0;0;0
533392;1.64;0.95;10.0;1445.0;20.25;80.25;12.75;0.78;10.25;14.39;67.18;141.31;2.31;142110.0;10.0;10.0;33.0;4504.0;972.98;820.30;1.0;1.0;0;1.0;0;0;1.0;0;0;1.0;0;0;1.0;1.0;0;0;0;0;0
533906;1.68;0.94;11.0;1456.0;20.25;80.25;12.75;1.17;10.65;14.48;46.42;97.66;2.31;142110.0;11.0;11.0;33.0;4523.0;972.98;820.30;1.0;1.0;0;1.0;0;0;1.0;0;0;1.0;0;0;1.0;1.0;0;0;0;0;0
534421;1.25;0.92;13.0;1411.0;20.25;80.25;12.0;0;9.40;14.29;40.72;78.95;2.58;142110.0;14.0;14.0;26.0;4495.0;972.98;800.77;1.0;1.0;0;1.0;0;0;1.0;0;0;1.0;0;0;1.0;1.0;0;0;0;0;0
534939;1.23;0.91;13.0;1384.0;20.25;80.25;12.0;0;9.34;14.48;45.75;82.00;2.31;142110.0;13.0;14.0;25.0;4498.0;972.98;761.70;1.0;1.0;0;1.0;0;0;1.0;0;0;1.0;0;0;1.0;1.0;0;0;0;0;0
535452;1.27;0.89;13.0;1393.0;20.25;80.25;12.0;0;9.22;14.39;35.11;59.74;2.31;142110.0;14.0;14.0;25.0;4509.0;972.98;78.12;1.0;1.0;0;1.0;0;0;1.0;0;0;1.0;0;0;1.0;1.0;0;0;0;0;0
535966;1.19;0.91;15.0;1499.0;20.25;80.25;12.0;0;9.32;14.48;25.56;43.51;2.31;142110.0;15.0;14.0;25.0;4517.0;972.98;19.53;1.0;1.0;0;1.0;0;0;1.0;0;0;1.0;0;0;1.0;1.0;0;0;0;0;0
536481;1.20;0.93;13.0;1462.0;20.25;80.25;12.0;0;9.36;14.48;23.22;31.67;2.31;142110.0;14.0;14.0;25.0;4507.0;972.98;58.59;1.0;1.0;0;1.0;0;0;1.0;0;0;1.0;0;0;1.0;1.0;0;0;0;0;0
536996;1.25;0.94;13.0;1394.0;20.25;80.25;12.0;0;9.26;14.48;16.89;23.06;2.31;142110.0;14.0;13.0;25.0;4502.0;973.02;664.05;1.0;1.0;0;1.0;0;0;1.0;0;0;1.0;0;0;1.0;1.0;0;0;0;0;0
537510;1.18;0.93;15.0;1422.0;20.25;81.0;12.0;0;9.21;14.39;13.63;15.89;2.31;142110.0;14.0;15.0;25.0;4511.0;973.09;19.53;1.0;1.0;0;1.0;0;0;1.0;0;0;1.0;0;0;1.0;1.0;0;0;0;0;0
538026;1.33;0.95;13.0;1246.0;20.25;81.0;14.25;0;9.56;14.29;12.65;11.54;2.58;142110.0;14.0;14.0;25.0;4501.0;973.33;351.55;1.0;1.0;0;1.0;0;0;1.0;0;0;1.0;0;0;1.0;1.0;0;0;0;0;0
538541;1.40;0.96;8.0;1250.0;20.25;81.0;13.5;0;9.49;14.48;9.17;8.82;2.31;142110.0;9.0;9.0;25.0;4519.0;973.44;19.53;1.0;1.0;0;1.0;0;0;1.0;0;0;1.0;0;0;1.0;1.0;0;0;0;0;0
539055;1.40;0.98;5.0;1269.0;20.25;81.0;12.75;0;9.41;14.39;7.01;6.75;2.31;142110.0;5.0;5.0;26.0;4503.0;973.68;39.06;1.0;1.0;0;1.0;0;0;1.0;0;0;1.0;0;0;1.0;1.0;0;0;0;0;0
539571;1.46;0.99;0;1267.0;20.25;81.0;12.75;0;9.42;14.39;11.24;4.88;2.31;142110.0;0;0;25.0;4521.0;973.60;58.59;1.0;1.0;0;1.0;0;0;1.0;0;0;1.0;0;0;1.0;1.0;0;0;0;0;0
540085;1.41;1.01;0;1285.0;20.25;81.0;12.0;0;9.34;14.39;8.59;5.93;2.31;142110.0;0;0;25.0;4496.0;973.72;312.49;1.0;1.0;0;1.0;0;0;1.0;0;0;1.0;0;0;1.0;1.0;0;0;0;0;0
540600;1.42;1.01;0;1248.0;20.25;81.0;14.25;0;9.67;14.29;7.57;6.11;2.58;142110.0;0;0;25.0;4528.0;973.87;683.58;1.0;1.0;0;1.0;0;0;1.0;0;0;1.0;0;0;1.0;1.0;0;0;0;0;0
541116;1.42;0.99;0;1268.0;20.25;81.0;12.75;0;9.46;14.39;21.73;6.85;2.31;142110.0;0;0;26.0;4509.0;973.84;703.11;1.0;1.0;0;1.0;0;0;1.0;0;0;1.0;0;0;1.0;1.0;0;0;0;0;0
541629;1.40;0.99;0;1301.0;20.25;81.0;10.5;0;9.06;14.48;78.12;17.69;2.31;142110.0;0;0;26.0;4499.0;973.91;585.93;1.0;1.0;0;1.0;0;0;1.0;0;0;1.0;0;0;1.0;1.0;0;0;0;0;0
542145;1.47;1.00;0;1272.0;20.25;81.0;12.75;0;9.53;14.48;117.45;63.43;2.31;142110.0;0;0;26.0;4503.0;973.99;58.59;1.0;1.0;0;1.0;0;0;1.0;0;0;1.0;0;0;1.0;1.0;0;0;0;0;0
542660;1.43;1.00;0;1284.0;20.25;81.0;12.0;0;9.44;14.48;142.68;110.14;2.31;142110.0;0;0;26.0;4522.0;974.07;781.24;1.0;1.0;0;1.0;0;0;1.0;0;0;1.0;0;0;1.0;1.0;0;0;0;0;0
543175;1.40;0.98;0;1296.0;20.25;81.0;10.5;0;9.13;14.39;145.43;188.87;2.31;142110.0;0;0;26.0;4509.0;974.11;781.24;1.0;1.0;0;1.0;0;0;1.0;0;0;1.0;0;0;1.0;1.0;0;0;0;0;0
543690;1.36;0.97;0;1311.0;20.25;81.0;9.75;0;8.97;14.39;150.67;161.39;2.31;142110.0;0;0;26.0;4511.0;974.11;371.08;1.0;1.0;0;1.0;0;0;1.0;0;0;1.0;0;0;1.0;1.0;0;0;0;0;0
544204;1.39;0.99;0;1322.0;20.25;81.0;9.0;0;8.79;14.39;131.76;139.40;2.31;142110.0;0;0;25.0;4511.0;974.15;58.59;1.0;1.0;0;1.0;0;0;1.0;0;0;1.0;0;0;1.0;1.0;0;0;0;0;0
544720;1.50;1.00;0;1199.0;20.25;81.0;18.0;0;10.20;14.39;101.20;101.57;2.31;142110.0;0;0;25.0;4513.0;974.15;371.08;1.0;1.0;0;1.0;0;0;1.0;0;0;1.0;0;0;1.0;1.0;0;0;0;0;0
545249;1.50;1.00;0;1263.0;20.25;81.0;12.75;0;9.46;14.39;85.52;85.79;2.31;142110.0;0;0;26.0;4514.0;974.15;761.70;1.0;1.0;0;1.0;0;0;1.0;0;0;1.0;0;0;1.0;1.0;0;0;0;0;0
545751;1.40;0.98;0;1300.0;20.25;81.0;10.5;0;9.04;14.39;81.40;87.12;2.31;142110.0;0;0;26.0;4511.0;974.19;761.70;1.0;1.0;0;1.0;0;0;1.0;0;0;1.0;0;0;1.0;1.0;0;0;0;0;0
546267;1.36;0.96;0;1274.0;20.25;81.0;12.0;0;9.39;14.39;73.74;103.45;2.31;142110.0;0;0;25.0;4514.0;974.19;156.24;1.0;1.0;0;1.0;0;0;1.0;0;0;1.0;0;0;1.0;1.0;0;0;0;0;0
546781;1.39;0.98;0;1245.0;20.25;81.0;13.5;0;9.13;14.39;56.63;75.38;2.31;142110.0;0;0;25.0;4504.0;974.03;58.59;1.0;1.0;0;1.0;0;0;1.0;0;0;1.0;0;0;1.0;1.0;0;0;0;0;0
547296;1.45;1.00;0;1246.0;20.25;81.0;13.5;0;9.55;14.48;39.11;54.89;2.31;142110.0;0;0;25.0;4521.0;974.07;58.59;1.0;1.0;0;1.0;0;0;1.0;0;0;1.0;0;0;1.0;1.0;0;0;0;0;0
547822;1.52;1.01;0;1259.0;20.25;81.0;12.75;0;9.48;14.29;30.01;42.14;2.58;142110.0;0;0;25.0;4501.0;974.11;234.37;1.0;1.0;0;1.0;0;0;1.0;0;0;1.0;0;0;1.0;1.0;0;0;0;0;0
548328;1.42;1.01;0;1247.0;20.25;81.0;14.25;0;9.64;14.39;23.04;30.68;2.31;142110.0;0;0;25.0;4520.0;974.15;781.24;1.0;1.0;0;1.0;0;0;1.0;0;0;1.0;0;0;1.0;1.0;0;0;0;0;0
548842;1.50;0.99;0;1257.0;20.25;81.0;13.5;0;9.54;14.48;17.67;23.53;2.31;142110.0;0;0;26.0;4506.0;974.15;742.17;1.0;1.0;0;1.0;0;0;1.0;0;0;1.0;0;0;1.0;1.0;0;0;0;0;0
549358;1.40;0.98;0;1241.0;20.25;81.75;13.5;0;9.57;14.48;61.12;24.60;2.31;142110.0;0;0;25.0;4516.0;974.15;664.05;1.0;1.0;0;1.0;0;0;1.0;0;0;1.0;0;0;1.0;1.0;0;0;0;0;0
549872;1.41;0.98;0;1292.0;20.25;81.75;11.25;0;9.13;14.39;46.93;18.84;2.31;142110.0;0;0;26.0;4509.0;974.11;19.53;1.0;1.0;0;1.0;0;0;1.0;0;0;1.0;0;0;1.0;1.0;0;0;0;0;0
550387;1.47;0.99;0;1234.0;20.25;81.75;15.0;0;9.78;14.48;102.55;80.01;2.31;142110.0;0;0;26.0;4516.0;974.15;39.06;1.0;1.0;0;1.0;0;0;1.0;0;0;1.0;0;0;1.0;1.0;0;0;0;0;0
550903;1.44;1.01;0;1268.0;20.25;81.75;12.0;0;9.40;14.39;138.97;78.35;2.31;142110.0;0;0;26.0;4522.0;974.15;58.59;1.0;1.0;0;1.0;0;0;1.0;0;0;1.0;0;0;1.0;1.0;0;0;0;0;0
551419;1.55;1.02;0;1258.0;20.25;81.75;12.75;0;9.54;14.39;148.70;111.43;2.31;142110.0;0;0;26.0;4507.0;974.15;742.17;1.0;1.0;0;1.0;0;0;1.0;0;0;1.0;0;0;1.0;1.0;0;0;0;0;0
551932;1.39;1.00;0;1318.0;20.25;81.75;8.25;0;8.62;14.39;149.89;101.86;2.31;142110.0;0;0;26.0;4499.0;974.19;820.30;1.0;1.0;0;1.0;0;0;1.0;0;0;1.0;0;0;1.0;1.0;0;0;0;0;0
552449;1.44;0.99;0;1290.0;20.25;81.75;9.75;0;8.93;14.39;130.34;81.24;2.31;142110.0;0;0;25.0;4521.0;974.19;761.70;1.0;1.0;0;1.0;0;0;1.0;0;0;1.0;0;0;1.0;1.0;0;0;0;0;0
552967;1.36;0.97;0;1249.0;20.25;81.75;12.75;0;9.48;14.39;94.97;62.37;2.31;142110.0;0;0;25.0;4510.0;974.19;449.21;1.0;1.0;0;1.0;0;0;1.0;0;0;1.0;0;0;1.0;1.0;0;0;0;0;0
553479;1.45;0.98;0;1257.0;20.25;81.75;12.0;0;9.37;14.48;72.94;47.90;2.31;142110.0;0;0;25.0;4505.0;974.19;78.12;1.0;1.0;0;1.0;0;0;1.0;0;0;1.0;0;0;1.0;1.0;0;0;0;0;0
553994;1.45;1.00;0;1202.0;20.25;81.75;17.25;0;10.01;14.39;57.02;33.08;2.31;142110.0;0;0;25.0;4532.0;974.19;39.06;1.0;1.0;0;1.0;0;0;1.0;0;0;1.0;0;0;1.0;1.0;0;0;0;0;0
554509;1.46;1.01;0;1251.0;20.25;81.75;12.75;0;9.42;14.48;43.78;32.28;2.31;142110.0;0;0;26.0;4490.0;974.19;78.12;1.0;1.0;0;1.0;0;0;1.0;0;0;1.0;0;0;1.0;1.0;0;0;0;0;0
555025;2.23;1.02;0;1275.0;20.25;81.75;12.75;1.56;10.21;14.39;33.66;32.36;2.31;142110.0;0;0;33.0;4489.0;974.19;781.24;1.0;1.0;0;1.0;0;0;1.0;0;0;1.0;0;0;1.0;1.0;0;0;0;0;0
555540;3.80;1.00;0;2233.0;20.25;81.75;21.0;8.62;24.40;14.48;24.51;22.32;2.31;142110.0;0;0;32.0;4539.0;974.19;898.42;1.0;1.0;0;1.0;0;0;1.0;0;0;1.0;0;0;1.0;1.0;0;0;0;0;0
556056;4.52;1.00;0;1979.0;20.25;81.75;15.0;11.76;32.86;14.39;15.17;15.38;2.31;142110.0;0;0;32.0;4516.0;974.19;878.89;1.0;1.0;0;1.0;0;0;1.0;0;0;1.0;0;0;1.0;1.0;0;0;0;0;0
556572;4.60;0.97;17.0;2106.0;20.25;81.75;15.0;14.11;33.91;14.48;9.37;10.03;2.31;142110.0;17.0;18.0;32.0;4422.0;974.19;878.89;1.0;1.0;0;1.0;0;0;1.0;0;0;1.0;0;0;1.0;1.0;0;0;0;0;0
557089;3.71;0.93;25.0;2816.0;20.25;81.75;27.75;14.51;29.08;14.48;4.90;5.21;2.31;142110.0;25.0;26.0;32.0;4452.0;974.03;839.83;1.0;1.0;0;1.0;0;0;1.0;0;0;1.0;0;0;1.0;1.0;0;0;0;0;0
557604;3.20;0.87;31.0;3527.0;20.25;81.75;32.25;14.51;27.64;14.39;2.38;2.53;2.31;142110.0;31.0;32.0;32.0;4537.0;974.07;664.05;1.0;1.0;0;1.0;0;0;1.0;0;0;0;0;0;1.0;1.0;0;0;0;0;0
558117;5.52;1.00;36.0;3176.0;20.25;81.75;27.75;9.80;19.96;14.48;0.99;3.08;2.31;142110.0;35.0;36.0;32.0;4358.0;974.11;859.36;2.0;1.0;0;1.0;0;0;1.0;0;0;1.0;0;0;1.0;1.0;0;0;0;0;0
558633;4.54;0.99;41.0;3272.0;20.25;81.75;27.0;18.04;31.73;14.39;0.39;2.71;2.31;142110.0;41.0;42.0;32.0;4201.0;974.15;839.83;2.0;1.0;0;1.0;0;0;1.0;0;0;1.0;0;0;1.0;1.0;0;0;0;0;0
559147;0.28;1.00;46.0;3690.0;20.25;81.75;41.25;0;5.06;14.39;1.62;2.38;2.31;142110.0;45.0;46.0;32.0;4396.0;974.15;742.17;2.0;1.0;0;1.0;0;0;1.0;0;0;1.0;0;0;1.0;1.0;0;0;0;0;0
559664;2.47;1.00;48.0;2988.0;20.25;81.0;25.5;5.49;16.62;14.39;2.16;1.05;2.31;142110.0;48.0;49.0;32.0;4165.0;974.15;859.36;3.0;1.0;0;1.0;0;0;1.0;0;0;1.0;0;0;1.0;1.0;0;0;0;0;0
560178;1.39;0.99;50.0;3109.0;20.25;81.0;33.0;2.35;9.63;14.39;0.87;0.35;2.31;142110.0;50.0;50.0;32.0;4317.0;974.19;859.36;3.0;1.0;0;1.0;0;0;1.0;0;0;1.0;0;0;1.0;1.0;0;0;0;0;0
560694;0.91;0.97;50.0;3079.0;20.25;81.0;35.25;0.39;6.40;14.39;0.33;0.11;2.31;142110.0;50.0;50.0;32.0;4452.0;974.19;820.30;3.0;1.0;0;1.0;0;0;1.0;0;0;1.0;0;0;1.0;1.0;0;0;0;0;0
561209;0.68;1.00;50.0;3052.0;20.25;81.0;-30.0;0;0;14.48;1.69;1.42;2.31;142110.0;50.0;50.0;32.0;4545.0;974.19;0;3.0;1.0;0;1.0;0;0;1.0;0;0;1.0;0;0;1.0;1.0;0;0;0;0;0
561725;0.69;1.00;48.0;2999.0;20.25;80.25;-30.0;0;0;14.48;0.82;0.62;2.31;142111.0;48.0;49.0;33.0;4559.0;974.19;0;3.0;1.0;0;1.0;0;0;1.0;0;0;1.0;0;0;1.0;1.0;0;0;0;0;0
562287;0.70;1.00;48.0;2930.0;20.25;80.25;-30.0;0;0;14.48;0.33;0.25;2.31;142111.0;48.0;48.0;33.0;4572.0;974.19;0;3.0;1.0;0;1.0;0;0;1.0;0;0;1.0;0;0;1.0;1.0;0;0;0;0;0
562802;0.70;1.00;47.0;2894.0;20.25;80.25;-30.0;0;0;14.48;0.05;0;2.31;142111.0;47.0;47.0;33.0;4577.0;974.19;0;3.0;1.0;0;1.0;0;0;1.0;0;0;1.0;0;0;1.0;1.0;0;0;0;0;0
563318;0.73;1.00;46.0;2851.0;20.25;79.5;-30.0;0;0;14.39;0;1.46;2.31;142111.0;46.0;46.0;33.0;4575.0;974.19;0;3.0;1.0;0;1.0;0;0;1.0;0;0;1.0;0;0;1.0;1.0;0;0;0;0;0
563834;1.08;1.00;45.0;2789.0;20.25;79.5;6.75;0;6.69;14.48;1.23;0.68;2.31;142111.0;45.0;46.0;33.0;4293.0;974.19;19.53;3.0;1.0;0;1.0;0;0;1.0;0;0;1.0;0;0;1.0;1.0;0;0;0;0;0
564349;1.20;1.00;45.0;2765.0;20.25;79.5;30.0;1.17;7.64;14.48;0.60;0.29;2.31;142111.0;45.0;45.0;33.0;4229.0;974.19;898.42;3.0;1.0;0;1.0;0;0;1.0;0;0;1.0;0;0;1.0;1.0;0;0;0;0;0
564866;1.28;0.99;45.0;2743.0;20.25;79.5;30.75;1.56;8.38;14.39;0.25;2.30;2.31;142111.0;45.0;45.0;33.0;4352.0;974.19;917.95;3.0;1.0;0;1.0;0;0;1.0;0;0;1.0;0;0;1.0;1.0;0;0;0;0;0
565380;1.20;0.98;45.0;2775.0;20.25;78.75;30.75;1.56;8.20;14.48;8.82;3.33;2.31;142111.0;45.0;45.0;34.0;4456.0;974.19;898.42;3.0;1.0;0;1.0;0;0;1.0;0;0;1.0;0;0;1.0;1.0;0;0;0;0;0
565894;1.20;0.96;45.0;2727.0;20.25;78.75;30.0;1.56;8.42;14.48;122.55;127.55;2.31;142111.0;45.0;44.0;34.0;4494.0;974.19;898.42;3.0;1.0;0;1.0;0;0;1.0;0;0;1.0;0;0;1.0;1.0;0;0;0;0;0
566411;1.07;0.95;45.0;2747.0;20.25;78.75;30.0;0.78;7.47;14.39;175.77;197.99;2.31;142111.0;45.0;45.0;34.0;4515.0;974.19;878.89;3.0;1.0;0;1.0;0;0;1.0;0;0;1.0;0;0;1.0;1.0;0;0;0;0;0
566925;0.99;0.93;43.0;2639.0;20.25;78.75;28.5;0.39;7.27;14.48;229.02;240.96;2.31;142111.0;43.0;44.0;34.0;4510.0;974.19;859.36;3.0;1.0;0;1.0;0;0;1.0;0;0;1.0;0;0;1.0;1.0;0;0;0;0;0
567443;0.96;0.92;43.0;2663.0;20.25;78.75;29.25;0.39;11.01;14.48;262.56;235.62;2.31;142111.0;44.0;43.0;34.0;4515.0;974.19;839.83;3.0;1.0;0;1.0;0;0;1.0;0;0;1.0;0;0;1.0;1.0;0;0;0;0;0
567957;1.04;1.00;43.0;2673.0;20.25;78.75;29.25;0;11.06;14.39;307.81;223.59;2.31;142111.0;43.0;42.0;34.0;4511.0;974.19;820.30;3.0;1.0;0;1.0;0;0;1.0;0;0;1.0;0;0;1.0;1.0;0;0;0;0;0
568472;1.07;0.99;42.0;2607.0;20.25;78.75;27.75;0.78;7.11;14.48;314.56;227.95;2.31;142111.0;43.0;42.0;34.0;4508.0;974.19;839.83;3.0;1.0;0;1.0;0;0;1.0;0;0;1.0;0;0;1.0;1.0;0;0;0;0;0
568989;1.24;0.97;42.0;2589.0;20.25;78.0;27.0;1.17;8.39;14.39;325.05;240.80;2.31;142111.0;42.0;42.0;34.0;4520.0;974.19;859.36;3.0;1.0;0;1.0;0;0;1.0;0;0;1.0;0;0;1.0;1.0;0;0;0;0;0
569505;1.16;0.96;42.0;2622.0;20.25;78.0;27.75;1.17;8.29;14.39;315.37;226.54;2.31;142111.0;43.0;43.0;34.0;4513.0;974.19;839.83;3.0;1.0;0;1.0;0;0;1.0;0;0;1.0;0;0;1.0;1.0;0;0;0;0;0
570018;1.20;0.94;42.0;2636.0;20.25;78.0;28.5;1.56;8.55;14.39;300.17;205.55;2.31;142111.0;43.0;43.0;34.0;4504.0;974.19;839.83;3.0;1.0;0;1.0;0;0;1.0;0;0;1.0;0;0;1.0;1.0;0;0;0;0;0
570534;1.17;0.93;42.0;2654.0;20.25;78.0;29.25;1.56;8.58;14.39;302.57;208.77;2.31;142111.0;43.0;43.0;34.0;4515.0;974.19;839.83;3.0;1.0;0;1.0;0;0;1.0;0;0;1.0;0;0;1.0;1.0;0;0;0;0;0
571050;1.96;0.91;42.0;2718.0;20.25;78.0;29.25;3.52;13.48;14.29;325.50;247.03;2.58;142111.0;43.0;43.0;34.0;4477.0;974.19;839.83;3.0;1.0;0;1.0;0;0;1.0;0;0;1.0;0;0;1.0;1.0;0;0;0;0;0
571568;2.24;0.89;43.0;2719.0;20.25;78.0;30.0;5.49;18.09;14.39;344.27;299.12;2.31;142111.0;44.0;44.0;34.0;4472.0;974.19;781.24;3.0;1.0;0;1.0;0;0;1.0;0;0;1.0;0;0;1.0;1.0;0;0;0;0;0
572080;2.01;0.86;46.0;2791.0;20.25;78.0;31.5;4.70;16.96;14.39;351.83;331.13;2.31;142111.0;45.0;46.0;34.0;4516.0;974.27;781.24;3.0;1.0;0;1.0;0;0;1.0;0;0;1.0;0;0;1.0;1.0;0;0;0;0;0
572598;1.51;0.84;46.0;2884.0;20.25;78.0;32.25;3.52;12.85;14.39;357.84;338.31;2.31;142111.0;46.0;47.0;34.0;4532.0;974.30;781.24;3.0;1.0;0;1.0;0;0;1.0;0;0;1.0;0;0;1.0;1.0;0;0;0;0;0
573121;1.46;0.82;47.0;2912.0;20.25;78.0;33.0;3.13;12.85;14.39;354.95;344.72;2.31;142111.0;47.0;47.0;34.0;4521.0;974.42;761.70;3.0;1.0;0;1.0;0;0;1.0;0;0;1.0;0;0;1.0;1.0;0;0;0;0;0
573626;1.37;0.80;47.0;2967.0;20.25;78.0;33.0;3.13;12.21;14.39;342.20;348.74;2.31;142111.0;47.0;48.0;34.0;4509.0;974.46;664.05;3.0;1.0;0;1.0;0;0;1.0;0;0;1.0;0;0;1.0;1.0;0;0;0;0;0
574142;1.32;0.79;48.0;2945.0;20.25;78.0;33.75;3.13;12.01;14.39;337.77;340.40;2.31;142111.0;48.0;49.0;34.0;4509.0;974.38;624.99;3.0;1.0;0;1.0;0;0;1.0;0;0;1.0;0;0;0;1.0;0;0;0;0;0
574658;0.79;1.00;48.0;2904.0;20.25;78.0;14.25;0;9.58;14.39;235.68;241.82;2.31;142111.0;48.0;48.0;34.0;4535.0;974.42;136.71;3.0;1.0;0;1.0;0;0;1.0;0;0;1.0;0;0;1.0;1.0;0;0;0;0;0
575173;0.8;1.00;46.0;2899.0;20.25;78.0;13.5;0;9.47;14.39;218.03;238.46;2.31;142111.0;46.0;47.0;34.0;4520.0;974.62;0;3.0;1.0;0;1.0;0;0;1.0;0;0;1.0;0;0;1.0;1.0;0;0;0;0;0
575688;0.83;1.00;45.0;2800.0;20.25;78.0;12.75;0;9.47;14.29;191.45;220.41;2.58;142111.0;45.0;46.0;34.0;4514.0;974.66;0;3.0;1.0;0;1.0;0;0;1.0;0;0;1.0;0;0;1.0;1.0;0;0;0;0;0
576227;0.87;1.00;42.0;2605.0;20.25;78.0;11.25;0;9.52;14.29;176.25;201.90;2.58;142111.0;43.0;43.0;34.0;4515.0;974.73;0;3.0;1.0;0;1.0;0;0;1.0;0;0;1.0;0;0;1.0;1.0;0;0;0;0;0
576936;0.84;1.00;38.0;2381.0;20.25;78.0;14.25;0;9.65;14.39;244.37;231.58;2.31;142111.0;39.0;39.0;27.0;4535.0;974.85;19.53;3.0;1.0;0;1.0;0;0;1.0;0;0;1.0;0;0;1.0;1.0;0;0;0;0;0
577470;3.77;1.00;35.0;2133.0;20.25;78.0;0.75;5.49;10.93;14.39;301.11;277.91;2.31;142111.0;35.0;35.0;33.0;4557.0;974.97;878.89;3.0;1.0;0;1.0;0;0;1.0;0;0;1.0;0;0;1.0;1.0;0;0;0;0;0
577985;0.89;1.00;32.0;2537.0;20.25;78.0;10.5;0;9.54;14.48;276.27;312.32;2.31;142111.0;32.0;32.0;34.0;4492.0;974.89;644.52;2.0;1.0;0;1.0;0;0;1.0;0;0;1.0;0;0;1.0;1.0;0;0;0;0;0
578500;0.87;1.00;30.0;2289.0;20.25;78.0;13.5;0;9.54;14.39;250.25;261.29;2.31;142111.0;30.0;29.0;26.0;4547.0;975.05;585.93;2.0;1.0;0;1.0;0;0;1.0;0;0;1.0;0;0;1.0;1.0;0;0;0;0;0
579062;0.95;1.00;26.0;2093.0;20.25;78.0;11.25;0;9.44;14.48;271.81;306.48;2.31;142111.0;27.0;27.0;26.0;4525.0;975.16;19.53;2.0;1.0;0;1.0;0;0;1.0;0;0;1.0;0;0;1.0;1.0;0;0;0;0;0
579580;1.63;1.00;26.0;2041.0;20.25;78.0;15.0;1.56;9.72;14.29;249.12;274.47;2.58;142111.0;25.0;26.0;34.0;4528.0;975.20;839.83;2.0;1.0;0;1.0;0;0;1.0;0;0;1.0;0;0;1.0;1.0;0;0;0;0;0
580093;1.65;1.00;26.0;2002.0;20.25;78.75;18.0;1.56;10.76;14.48;259.22;277.28;2.31;142111.0;26.0;26.0;34.0;4518.0;975.28;878.89;2.0;1.0;0;1.0;0;0;1.0;0;0;1.0;0;0;1.0;1.0;0;0;0;0;0
580609;1.72;0.98;26.0;2048.0;20.25;78.75;18.0;1.96;11.37;14.48;232.40;235.12;2.31;142111.0;26.0;26.0;34.0;4517.0;975.32;859.36;2.0;1.0;0;1.0;0;0;1.0;0;0;1.0;0;0;1.0;1.0;0;0;0;0;0
581125;1.67;0.96;26.0;2079.0;20.25;78.75;18.75;1.96;11.30;14.39;225.63;246.82;2.31;142111.0;27.0;27.0;34.0;4509.0;975.36;859.36;2.0;1.0;0;1.0;0;0;1.0;0;0;1.0;0;0;1.0;1.0;0;0;0;0;0
581640;1.61;0.95;27.0;2166.0;20.25;78.75;20.25;1.96;11.24;14.39;196.86;254.65;2.31;142111.0;27.0;26.0;34.0;4503.0;975.40;859.36;2.0;1.0;0;1.0;0;0;1.0;0;0;1.0;0;0;1.0;1.0;0;0;0;0;0
582155;3.19;1.00;27.0;2201.0;20.25;78.75;20.25;5.09;19.05;14.48;180.94;240.47;2.31;142111.0;27.0;28.0;34.0;4504.0;975.40;859.36;2.0;1.0;0;1.0;0;0;1.0;0;0;1.0;0;0;1.0;1.0;0;0;0;0;0
582672;3.02;0.97;30.0;2378.0;20.25;78.75;23.25;7.05;21.85;14.39;231.84;287.65;2.31;142111.0;29.0;30.0;34.0;4441.0;975.40;839.83;2.0;1.0;0;1.0;0;0;1.0;0;0;1.0;0;0;1.0;1.0;0;0;0;0;0
583187;2.78;0.95;33.0;2575.0;20.25;78.75;27.0;7.05;21.12;14.29;286.56;317.06;2.58;142111.0;33.0;33.0;34.0;4445.0;975.44;800.77;2.0;1.0;0;1.0;0;0;1.0;0;0;1.0;0;0;1.0;1.0;0;0;0;0;0
583702;2.39;0.91;35.0;2671.0;20.25;78.75;29.25;5.88;19.01;14.29;321.24;313.18;2.58;142111.0;34.0;35.0;34.0;4481.0;975.44;820.30;2.0;1.0;0;1.0;0;0;1.0;0;0;1.0;0;0;1.0;1.0;0;0;0;0;0
584218;1.88;0.89;36.0;2858.0;20.25;78.75;31.5;4.31;15.54;14.39;337.34;336.48;2.31;142111.0;36.0;36.0;34.0;4531.0;975.44;800.77;2.0;1.0;0;1.0;0;0;1.0;0;0;1.0;0;0;0;1.0;0;0;0;0;0
584733;1.60;0.87;37.0;2926.0;20.25;78.75;33.0;3.52;13.36;14.39;326.83;310.78;2.31;142111.0;37.0;38.0;34.0;4530.0;975.44;800.77;2.0;1.0;0;1.0;0;0;1.0;0;0;1.0;0;0;1.0;1.0;0;0;0;0;0
585249;1.36;0.85;38.0;2984.0;20.25;78.75;33.75;3.13;11.52;14.20;306.48;283.90;2.58;142111.0;38.0;38.0;34.0;4533.0;975.44;800.77;2.0;1.0;0;1.0;0;0;1.0;0;0;1.0;0;0;1.0;1.0;0;0;0;0;0
585765;0.64;1.00;38.0;3036.0;20.25;78.75;15.0;0;9.51;14.29;147.21;136.94;2.58;142111.0;39.0;39.0;34.0;4524.0;975.44;781.24;2.0;1.0;0;1.0;0;0;1.0;0;0;1.0;0;0;1.0;1.0;0;0;0;0;0
586279;0.93;1.00;38.0;2347.0;20.25;78.75;14.25;0;9.63;14.48;115.09;113.64;2.31;142111.0;38.0;38.0;26.0;4234.0;975.44;19.53;3.0;1.0;0;1.0;0;0;1.0;0;0;1.0;0;0;1.0;1.0;0;0;0;0;0
586796;1.59;1.00;37.0;2379.0;20.25;78.75;20.25;1.96;9.98;14.48;156.35;163.97;2.31;142111.0;38.0;38.0;34.0;4260.0;975.44;839.83;3.0;1.0;0;1.0;0;0;1.0;0;0;1.0;0;0;1.0;1.0;0;0;0;0;0
587310;2.2;0.99;38.0;2369.0;20.25;78.75;22.5;3.52;14.81;14.29;147.37;209.90;2.58;142111.0;38.0;38.0;34.0;4393.0;975.44;820.30;3.0;1.0;0;1.0;0;0;1.0;0;0;1.0;0;0;1.0;1.0;0;0;0;0;0
587825;2.12;0.97;40.0;2439.0;20.25;78.75;24.75;3.92;15.28;14.48;230.82;123.87;2.31;142111.0;40.0;40.0;34.0;4442.0;975.44;800.77;3.0;1.0;0;1.0;0;0;1.0;0;0;1.0;0;0;1.0;1.0;0;0;0;0;0
588342;2.18;0.94;40.0;2518.0;20.25;78.75;25.5;4.31;16.17;14.29;217.52;149.42;2.58;142111.0;41.0;41.0;34.0;4465.0;975.44;800.77;3.0;1.0;0;1.0;0;0;1.0;0;0;1.0;0;0;1.0;1.0;0;0;0;0;0
588857;1.64;0.92;42.0;2597.0;20.25;78.75;27.0;2.74;12.73;14.39;268.34;256.54;2.31;142111.0;42.0;42.0;34.0;4485.0;975.44;800.77;3.0;1.0;0;1.0;0;0;1.0;0;0;1.0;0;0;1.0;1.0;0;0;0;0;0
589373;1.28;0.91;42.0;2600.0;20.25;79.5;27.0;1.96;9.77;14.39;289.43;264.72;2.31;142111.0;42.0;43.0;33.0;4519.0;975.44;820.30;3.0;1.0;0;1.0;0;0;1.0;0;0;1.0;0;0;1.0;1.0;0;0;0;0;0
589887;1.21;0.89;42.0;2618.0;20.25;79.5;27.75;1.96;9.48;14.48;162.05;156.27;2.31;142111.0;42.0;43.0;33.0;4512.0;975.44;800.77;3.0;1.0;0;1.0;0;0;1.0;0;0;1.0;0;0;1.0;1.0;0;0;0;0;0
590407;1.26;0.87;42.0;2575.0;20.25;79.5;27.0;1.96;9.87;14.39;90.69;94.48;2.31;142111.0;42.0;42.0;33.0;4509.0;975.44;800.77;3.0;1.0;0;1.0;0;0;1.0;0;0;1.0;0;0;1.0;1.0;0;0;0;0;0
590918;1.24;0.86;42.0;2579.0;20.25;79.5;27.0;1.96;9.86;14.29;53.49;52.86;2.58;142111.0;42.0;42.0;33.0;4512.0;975.44;800.77;3.0;1.0;0;1.0;0;0;1.0;0;0;1.0;0;0;1.0;1.0;0;0;0;0;0
591436;0.88;1.00;41.0;2534.0;20.25;79.5;10.5;0;9.36;14.39;33.61;29.54;2.31;142111.0;42.0;41.0;33.0;4520.0;975.44;722.64;3.0;1.0;0;1.0;0;0;1.0;0;0;1.0;0;0;1.0;1.0;0;0;0;0;0
591950;0.86;1.00;40.0;2440.0;20.25;79.5;11.25;0;9.28;14.39;19.21;24.35;2.31;142111.0;40.0;40.0;29.0;4538.0;975.44;488.27;3.0;1.0;0;1.0;0;0;1.0;0;0;1.0;0;0;1.0;1.0;0;0;0;0;0
592466;0.84;1.00;37.0;2324.0;20.25;79.5;14.25;0;9.40;14.48;68.53;22.14;2.31;142111.0;38.0;38.0;25.0;4546.0;975.44;156.24;3.0;1.0;0;1.0;0;0;1.0;0;0;1.0;0;0;1.0;1.0;0;0;0;0;0
592981;0.87;1.00;36.0;2258.0;20.25;79.5;13.5;0;9.44;14.48;42.59;16.05;2.31;142111.0;37.0;37.0;25.0;4517.0;975.44;0;3.0;1.0;0;1.0;0;0;1.0;0;0;1.0;0;0;1.0;1.0;0;0;0;0;0
593496;0.89;1.00;35.0;2177.0;20.25;79.5;12.75;0;9.47;14.39;26.44;9.92;2.31;142111.0;35.0;35.0;25.0;4525.0;975.44;0;3.0;1.0;0;1.0;0;0;1.0;0;0;1.0;0;0;1.0;1.0;0;0;0;0;0
594016;0.92;1.00;33.0;2115.0;20.25;79.5;12.75;0;9.41;14.39;18.28;13.02;2.31;142111.0;34.0;34.0;25.0;4521.0;975.44;0;3.0;1.0;0;1.0;0;0;1.0;0;0;1.0;0;0;1.0;1.0;0;0;0;0;0
594528;0.94;1.00;32.0;2047.0;20.25;79.5;12.0;0;9.39;14.48;17.86;8.47;2.31;142111.0;33.0;33.0;25.0;4505.0;975.44;0;3.0;1.0;0;1.0;0;0;1.0;0;0;1.0;0;0;1.0;1.0;0;0;0;0;0
595044;0.99;1.00;31.0;1957.0;20.25;79.5;12.0;0;9.36;14.48;25.74;18.78;2.31;142111.0;32.0;32.0;25.0;4511.0;975.44;0;3.0;1.0;0;1.0;0;0;1.0;0;0;1.0;0;0;1.0;1.0;0;0;0;0;0
595559;1.01;1.00;30.0;1860.0;20.25;79.5;12.0;0;9.28;14.48;18.84;39.23;2.31;142111.0;31.0;30.0;26.0;4517.0;975.44;39.06;3.0;1.0;0;1.0;0;0;1.0;0;0;1.0;0;0;1.0;1.0;0;0;0;0;0
596075;1.09;1.00;28.0;1806.0;20.25;79.5;12.0;0;9.47;14.39;19.45;32.40;2.31;142111.0;29.0;29.0;24.0;4517.0;975.44;839.83;3.0;1.0;0;1.0;0;0;1.0;0;0;1.0;0;0;1.0;1.0;0;0;0;0;0
596591;1.12;0.98;27.0;1692.0;20.25;79.5;12.0;0;9.48;14.39;13.37;21.20;2.31;142111.0;28.0;28.0;26.0;4490.0;975.44;839.83;3.0;1.0;0;1.0;0;0;1.0;0;0;1.0;0;0;1.0;1.0;0;0;0;0;0
597107;1.40;0.96;26.0;1286.0;20.25;80.25;12.0;0;9.40;14.29;18.16;27.92;2.58;142111.0;26.0;26.0;25.0;4470.0;975.44;820.30;3.0;1.0;0;1.0;0;0;1.0;0;0;1.0;0;0;1.0;1.0;0;0;0;0;0
597622;1.44;0.95;26.0;1618.0;20.25;80.25;13.5;0.39;9.26;14.39;15.91;20.31;2.31;142111.0;26.0;26.0;33.0;4525.0;975.44;781.24;3.0;1.0;0;1.0;0;0;1.0;0;0;1.0;0;0;1.0;1.0;0;0;0;0;0
598137;1.56;0.93;26.0;1703.0;20.25;80.25;13.5;1.17;10.07;14.48;12.20;14.00;2.31;142111.0;26.0;26.0;33.0;4511.0;975.44;800.77;3.0;1.0;0;1.0;0;0;1.0;0;0;1.0;0;0;1.0;1.0;0;0;0;0;0
598653;2.23;0.92;26.0;1685.0;20.25;80.25;13.5;2.74;14.96;14.39;7.51;9.12;2.31;142111.0;26.0;27.0;33.0;4548.0;975.44;800.77;3.0;1.0;0;1.0;0;0;1.0;0;0;1.0;0;0;1.0;1.0;0;0;0;0;0
599177;2.14;0.90;27.0;1709.0;20.25;80.25;13.5;2.74;14.75;14.48;5.15;6.24;2.31;142111.0;28.0;28.0;33.0;4538.0;975.52;644.52;3.0;1.0;0;1.0;0;0;1.0;0;0;1.0;0;0;1.0;1.0;0;0;0;0;0
599683;2.39;0.88;28.0;1824.0;20.25;80.25;14.25;3.52;16.38;14.39;3.51;4.04;2.31;142111.0;29.0;29.0;33.0;4493.0;975.48;722.64;3.0;1.0;0;1.0;0;0;1.0;0;0;1.0;0;0;1.0;1.0;0;0;0;0;0
600199;2.03;0.99;28.0;1658.0;20.25;80.25;13.5;1.56;11.43;14.39;8.14;11.05;2.31;142111.0;29.0;29.0;33.0;4519.0;975.48;820.30;2.0;1.0;0;1.0;0;0;1.0;0;0;1.0;0;0;1.0;1.0;0;0;0;0;0
600717;1.67;0.97;28.0;2239.0;20.25;80.25;22.5;1.96;11.49;14.48;4.98;6.81;2.31;142111.0;29.0;29.0;33.0;4530.0;975.59;839.83;2.0;1.0;0;1.0;0;0;1.0;0;0;1.0;0;0;1.0;1.0;0;0;0;0;0
601229;2.24;0.95;30.0;2325.0;20.25;80.25;23.25;3.92;16.28;14.48;4.47;4.17;2.31;142111.0;30.0;30.0;33.0;4487.0;975.55;800.77;2.0;1.0;0;1.0;0;0;1.0;0;0;1.0;0;0;1.0;1.0;0;0;0;0;0
601746;2.14;0.93;31.0;2474.0;20.25;80.25;24.75;4.31;16.17;14.39;2.28;2.14;2.31;142111.0;31.0;32.0;33.0;4476.0;975.67;800.77;2.0;1.0;0;1.0;0;0;1.0;0;0;1.0;0;0;1.0;1.0;0;0;0;0;0
602263;2.01;0.91;32.0;2585.0;20.25;80.25;27.0;4.31;15.67;14.39;3.24;1.11;2.31;142111.0;33.0;33.0;33.0;4461.0;975.71;800.77;2.0;1.0;0;1.0;0;0;1.0;0;0;1.0;0;0;1.0;1.0;0;0;0;0;0
602778;1.73;0.89;33.0;2667.0;20.25;80.25;28.5;3.52;13.74;14.39;1.71;0.54;2.31;142111.0;34.0;34.0;33.0;4478.0;975.87;800.77;2.0;1.0;0;1.0;0;0;1.0;0;0;1.0;0;0;1.0;1.0;0;0;0;0;0
603294;1.24;0.87;35.0;2699.0;20.25;80.25;29.25;1.96;9.92;14.39;0.87;0.23;2.31;142111.0;35.0;35.0;33.0;4537.0;975.83;820.30;2.0;1.0;0;1.0;0;0;1.0;0;0;1.0;0;0;1.0;1.0;0;0;0;0;0
603809;1.07;0.86;35.0;2620.0;20.25;80.25;27.75;1.17;8.33;14.48;0.35;0.01;2.31;142111.0;34.0;35.0;33.0;4525.0;975.71;800.77;2.0;1.0;0;1.0;0;0;1.0;0;0;1.0;0;0;1.0;1.0;0;0;0;0;0
604325;0.86;1.00;33.0;2566.0;20.25;80.25;9.75;0;9.16;14.39;0.13;0;2.31;142111.0;34.0;33.0;33.0;4522.0;975.87;722.64;2.0;1.0;0;1.0;0;0;1.0;0;0;1.0;0;0;0;1.0;0;0;0;0;0
604841;0.86;1.00;31.0;2458.0;20.25;80.25;11.25;0;9.33;14.48;1.75;0;2.31;142111.0;32.0;32.0;30.0;4565.0;975.94;664.05;2.0;1.0;0;1.0;0;0;1.0;0;0;1.0;0;0;1.0;1.0;0;0;0;0;0
605357;1.98;1.00;30.0;2438.0;20.25;81.0;10.5;3.13;10.66;14.29;42.22;1.38;2.58;142111.0;30.0;30.0;32.0;4516.0;975.94;800.77;2.0;1.0;0;1.0;0;0;1.0;0;0;1.0;0;0;1.0;1.0;0;0;0;0;0
605871;1.91;0.98;30.0;2420.0;20.25;81.0;16.5;3.13;12.18;14.39;24.88;0.72;2.31;142111.0;30.0;31.0;32.0;4521.0;976.10;800.77;2.0;1.0;0;1.0;0;0;1.0;0;0;1.0;0;0;1.0;1.0;0;0;0;0;0
606388;2.18;0.96;31.0;2484.0;20.25;81.0;23.25;4.31;15.80;14.39;13.86;2.55;2.31;142111.0;31.0;32.0;32.0;4478.0;975.98;781.24;2.0;1.0;0;1.0;0;0;1.0;0;0;1.0;0;0;1.0;1.0;0;0;0;0;0
606907;2.10;0.94;32.0;2578.0;20.25;81.0;27.0;4.31;15.78;14.39;10.33;1.34;2.31;142111.0;33.0;33.0;32.0;4536.0;976.18;781.24;2.0;1.0;0;1.0;0;0;1.0;0;0;1.0;0;0;1.0;1.0;0;0;0;0;0
607419;1.54;0.99;32.0;1658.0;20.25;81.0;13.5;0.78;9.37;14.39;21.48;5.11;2.31;142111.0;33.0;33.0;32.0;4553.0;976.26;761.70;3.0;1.0;0;1.0;0;0;1.0;0;0;1.0;0;0;1.0;1.0;0;0;0;0;0
607935;1.74;0.97;32.0;2021.0;20.25;81.0;18.75;1.96;11.73;14.39;18.43;6.83;2.31;142111.0;33.0;33.0;32.0;4537.0;976.26;781.24;3.0;1.0;0;1.0;0;0;1.0;0;0;1.0;0;0;1.0;1.0;0;0;0;0;0
608450;1.91;0.96;32.0;2031.0;20.25;81.0;18.0;2.35;12.99;14.39;13.65;4.17;2.31;142111.0;33.0;33.0;32.0;4526.0;976.30;781.24;3.0;1.0;0;1.0;0;0;1.0;0;0;1.0;0;0;1.0;1.0;0;0;0;0;0
608967;1.78;0.94;33.0;2075.0;20.25;81.0;18.75;2.35;12.35;14.48;8.41;4.78;2.31;142111.0;33.0;33.0;32.0;4515.0;976.26;781.24;3.0;1.0;0;1.0;0;0;1.0;0;0;1.0;0;0;1.0;1.0;0;0;0;0;0
609484;1.57;0.92;33.0;2073.0;20.25;81.0;18.75;1.96;11.15;14.39;5.17;2.89;2.31;142111.0;33.0;34.0;32.0;4515.0;976.37;781.24;3.0;1.0;0;1.0;0;0;1.0;0;0;1.0;0;0;1.0;1.0;0;0;0;0;0
609998;1.17;0.91;33.0;1949.0;20.25;81.0;17.25;0.39;8.30;14.39;5.21;1.71;2.31;142111.0;33.0;33.0;32.0;4501.0;976.49;781.24;3.0;1.0;0;1.0;0;0;1.0;0;0;1.0;0;0;1.0;1.0;0;0;0;0;0
610529;1.15;0.89;32.0;2021.0;20.25;81.0;18.75;0.39;8.19;14.20;3.35;1.05;2.58;142111.0;33.0;33.0;32.0;4525.0;976.53;781.24;3.0;1.0;0;1.0;0;0;1.0;0;0;1.0;0;0;1.0;1.0;0;0;0;0;0
611030;1.51;0.88;32.0;2072.0;20.25;81.0;18.75;1.96;11.15;14.48;1.79;2.01;2.31;142111.0;32.0;32.0;32.0;4507.0;976.53;742.17;3.0;1.0;0;1.0;0;0;1.0;0;0;1.0;0;0;1.0;1.0;0;0;0;0;0
611545;1.58;0.86;32.0;1980.0;20.25;81.0;17.25;1.96;11.73;14.39;3.02;1.34;2.31;142111.0;32.0;32.0;32.0;4507.0;976.41;351.55;3.0;1.0;0;1.0;0;0;1.0;0;0;1.0;0;0;1.0;1.0;0;0;0;0;0
612061;1.56;0.86;32.0;2001.0;20.25;81.0;18.0;1.96;11.84;14.39;5.68;0.76;2.31;142111.0;32.0;33.0;32.0;4512.0;976.41;234.37;3.0;1.0;0;1.0;0;0;1.0;0;0;1.0;0;0;1.0;1.0;0;0;0;0;0
612577;1.58;0.86;32.0;2001.0;20.25;81.0;17.25;1.96;11.70;14.48;7.40;0.42;2.31;142111.0;32.0;33.0;32.0;4531.0;976.45;468.74;3.0;1.0;0;1.0;0;0;1.0;0;0;1.0;0;0;1.0;1.0;0;0;0;0;0
613093;1.52;0.86;32.0;2017.0;20.25;81.0;18.0;1.96;11.36;14.48;4.78;0.21;2.31;142111.0;33.0;33.0;32.0;4510.0;976.45;703.11;3.0;1.0;0;1.0;0;0;1.0;0;0;1.0;0;0;1.0;1.0;0;0;0;0;0
613609;1.32;0.85;32.0;2031.0;20.25;81.0;18.0;1.56;10.14;14.48;3.06;0.05;2.31;142111.0;32.0;33.0;32.0;4504.0;976.45;742.17;3.0;1.0;0;1.0;0;0;1.0;0;0;1.0;0;0;1.0;1.0;0;0;0;0;0
614125;1.37;0.85;32.0;1977.0;20.25;81.0;17.25;1.17;10.20;14.39;1.81;1.60;2.31;142111.0;32.0;32.0;32.0;4517.0;976.53;742.17;3.0;1.0;0;1.0;0;0;1.0;0;0;1.0;0;0;1.0;1.0;0;0;0;0;0
614642;1.33;0.85;31.0;1946.0;20.25;81.0;16.5;1.17;9.51;14.48;0.99;0.87;2.31;142111.0;31.0;32.0;32.0;4510.0;976.45;58.59;3.0;1.0;0;1.0;0;0;1.0;0;0;1.0;0;0;1.0;1.0;0;0;0;0;0
615158;1.33;0.87;31.0;1927.0;20.25;81.0;16.5;1.17;9.57;14.39;0.58;0.50;2.31;142111.0;32.0;31.0;32.0;4516.0;976.45;0;3.0;1.0;0;1.0;0;0;1.0;0;0;1.0;0;0;1.0;1.0;0;0;0;0;0
615673;1.77;0.88;31.0;1949.0;20.25;81.0;16.5;2.35;12.65;14.48;0.31;0.27;2.31;142111.0;31.0;31.0;32.0;4514.0;976.45;722.64;3.0;1.0;0;1.0;0;0;1.0;0;0;1.0;0;0;1.0;1.0;0;0;0;0;0
616189;2.77;1.00;32.0;1992.0;20.25;81.0;17.25;4.31;17.51;14.48;0.15;0.11;2.31;142111.0;32.0;32.0;32.0;4519.0;976.53;820.30;3.0;1.0;0;1.0;0;0;1.0;0;0;1.0;0;0;1.0;1.0;0;0;0;0;0
616705;2.75;0.98;33.0;2114.0;20.25;81.0;18.75;5.09;18.75;14.48;2.12;0;2.31;142111.0;34.0;34.0;32.0;4515.0;976.57;820.30;3.0;1.0;0;1.0;0;0;1.0;0;0;1.0;0;0;1.0;1.0;0;0;0;0;0
617223;2.49;0.96;35.0;2192.0;20.25;81.0;20.25;4.70;17.79;14.39;1.26;2.20;2.31;142111.0;35.0;36.0;32.0;4503.0;976.61;781.24;3.0;1.0;0;1.0;0;0;1.0;0;0;1.0;0;0;1.0;1.0;0;0;0;0;0
617738;1.92;0.94;37.0;2253.0;20.25;81.0;21.75;2.74;13.76;14.39;0.62;1.15;2.31;142111.0;37.0;37.0;32.0;4483.0;976.49;800.77;3.0;1.0;0;1.0;0;0;1.0;0;0;1.0;0;0;1.0;1.0;0;0;0;0;0
618253;1.72;0.92;37.0;2317.0;20.25;81.0;22.5;2.74;12.68;14.48;0.29;0.60;2.31;142111.0;38.0;38.0;32.0;4505.0;976.49;820.30;3.0;1.0;0;1.0;0;0;1.0;0;0;1.0;0;0;1.0;1.0;0;0;0;0;0
618769;1.17;0.90;37.0;2306.0;20.25;81.0;22.5;1.17;8.63;14.39;1.73;0.31;2.31;142111.0;38.0;38.0;32.0;4520.0;976.49;820.30;3.0;1.0;0;1.0;0;0;1.0;0;0;1.0;0;0;1.0;1.0;0;0;0;0;0
619285;1.14;0.89;37.0;2339.0;20.25;81.0;22.5;1.17;8.14;14.39;1.01;4.33;2.31;142111.0;38.0;38.0;32.0;4515.0;976.53;800.77;3.0;1.0;0;1.0;0;0;1.0;0;0;1.0;0;0;1.0;1.0;0;0;0;0;0
619801;1.15;0.87;37.0;2308.0;20.25;81.0;22.5;1.17;8.35;14.39;0.52;2.48;2.31;142111.0;38.0;38.0;32.0;4516.0;976.53;800.77;3.0;1.0;0;1.0;0;0;1.0;0;0;1.0;0;0;1.0;1.0;0;0;0;0;0
620318;1.13;0.86;37.0;2311.0;20.25;81.0;22.5;1.17;8.35;14.29;0.25;1.46;2.58;142111.0;38.0;38.0;32.0;4510.0;976.49;781.24;3.0;1.0;0;1.0;0;0;1.0;0;0;1.0;0;0;1.0;1.0;0;0;0;0;0
620833;1.28;0.84;37.0;2312.0;20.25;81.0;23.25;1.56;10.15;14.39;0.03;0.68;2.31;142111.0;38.0;38.0;32.0;4516.0;976.57;781.24;3.0;1.0;0;1.0;0;0;1.0;0;0;1.0;0;0;1.0;1.0;0;0;0;0;0
621352;1.22;0.82;37.0;2364.0;20.25;81.0;23.25;1.96;9.82;14.48;0;0.33;2.31;142111.0;38.0;38.0;32.0;4523.0;976.61;761.70;3.0;1.0;0;1.0;0;0;1.0;0;0;1.0;0;0;1.0;1.0;0;0;0;0;0
621866;1.27;0.81;38.0;2363.0;20.25;81.0;23.25;1.56;10.36;14.39;0;0.13;2.31;142111.0;38.0;38.0;32.0;4509.0;976.61;761.70;3.0;1.0;0;1.0;0;0;1.0;0;0;1.0;0;0;1.0;1.0;0;0;0;0;0
622381;0.91;0.79;38.0;2365.0;20.25;81.0;23.25;0.39;7.60;14.48;1.38;0;2.31;142111.0;39.0;38.0;32.0;4514.0;976.57;742.17;3.0;1.0;0;1.0;0;0;1.0;0;0;1.0;0;0;1.0;1.0;0;0;0;0;0
622898;0.84;1.00;37.0;2332.0;20.25;81.0;14.25;0;9.37;14.39;0.78;1.66;2.31;142111.0;38.0;38.0;25.0;4510.0;976.61;429.68;3.0;1.0;0;1.0;0;0;1.0;0;0;1.0;0;0;1.0;1.0;0;0;0;0;0
623413;0.84;1.00;37.0;2288.0;20.25;81.0;13.5;0;9.32;14.39;0.37;0.89;2.31;142111.0;37.0;37.0;24.0;4515.0;976.65;0;3.0;1.0;0;1.0;0;0;1.0;0;0;1.0;0;0;1.0;1.0;0;0;0;0;0
623929;0.87;1.00;36.0;2238.0;20.25;81.0;12.75;0;9.14;14.39;4.06;1.87;2.31;142111.0;36.0;36.0;24.0;4530.0;976.65;0;3.0;1.0;0;1.0;0;0;1.0;0;0;1.0;0;0;1.0;1.0;0;0;0;0;0
624446;0.90;1.00;35.0;2150.0;20.25;81.0;12.75;0;9.34;14.39;2.44;1.09;2.31;142111.0;35.0;35.0;24.0;4512.0;976.65;0;3.0;1.0;0;1.0;0;0;1.0;0;0;1.0;0;0;1.0;1.0;0;0;0;0;0
624963;0.92;1.00;33.0;2067.0;20.25;81.0;12.0;0;9.21;14.48;3.33;2.87;2.31;142111.0;34.0;34.0;25.0;4511.0;976.69;0;3.0;1.0;0;1.0;0;0;1.0;0;0;1.0;0;0;1.0;1.0;0;0;0;0;0
625476;0.95;1.00;33.0;2049.0;20.25;81.0;11.25;0;9.14;14.39;2.01;1.79;2.31;142111.0;34.0;34.0;25.0;4516.0;976.69;0;3.0;1.0;0;1.0;0;0;1.0;0;0;1.0;0;0;1.0;1.0;0;0;0;0;0
626109;0.99;1.00;32.0;1944.0;20.25;81.0;12.0;0;9.34;14.48;1.11;0.93;2.31;142111.0;32.0;32.0;25.0;4503.0;976.69;0;3.0;1.0;0;1.0;0;0;1.0;0;0;1.0;0;0;1.0;1.0;0;0;0;0;0
626746;0.98;1.00;31.0;1977.0;20.25;81.0;11.25;0;9.22;14.39;0.58;0.50;2.31;142111.0;31.0;32.0;25.0;4508.0;976.69;19.53;3.0;1.0;0;1.0;0;0;1.0;0;0;1.0;0;0;1.0;1.0;0;0;0;0;0
627261;1.06;1.00;28.0;1813.0;20.25;81.0;12.0;0;9.23;14.39;0.29;0.23;2.31;142111.0;29.0;29.0;24.0;4506.0;976.69;19.53;3.0;1.0;0;1.0;0;0;1.0;0;0;1.0;0;0;1.0;1.0;0;0;0;0;0
627776;1.18;1.01;26.0;1607.0;20.25;81.0;12.0;0;9.32;14.29;1.93;2.20;2.58;142111.0;26.0;26.0;24.0;4484.0;976.69;800.77;3.0;1.0;0;1.0;0;0;1.0;0;0;1.0;0;0;1.0;1.0;0;0;0;0;0
628293;1.36;0.99;23.0;1327.0;20.25;81.0;10.5;0;8.86;14.29;1.34;3.35;2.58;142111.0;24.0;24.0;24.0;4480.0;976.69;839.83;3.0;1.0;0;1.0;0;0;1.0;0;0;1.0;0;0;1.0;1.0;0;0;0;0;0
628809;2.08;0.98;22.0;1339.0;20.25;81.0;11.25;0.78;10.14;14.39;2.83;4.74;2.31;142111.0;23.0;23.0;33.0;4516.0;976.69;859.36;3.0;1.0;0;1.0;0;0;1.0;0;0;1.0;0;0;1.0;1.0;0;0;0;0;0
629330;1.21;0.96;22.0;1461.0;20.25;81.0;12.75;0;9.31;14.39;1.89;5.13;2.31;142111.0;22.0;22.0;25.0;4496.0;976.69;820.30;3.0;1.0;0;1.0;0;0;1.0;0;0;1.0;0;0;1.0;1.0;0;0;0;0;0
629842;1.43;0.95;21.0;1329.0;20.25;81.0;10.5;0;8.93;14.29;1.34;3.90;2.58;142111.0;21.0;21.0;25.0;4484.0;976.69;703.11;3.0;1.0;0;1.0;0;0;1.0;0;0;1.0;0;0;1.0;1.0;0;0;0;0;0
630357;1.88;0.99;21.0;1874.0;20.25;81.0;14.25;1.96;11.80;14.39;0.93;2.63;2.31;142111.0;21.0;22.0;32.0;4565.0;976.69;839.83;3.0;1.0;0;1.0;0;0;1.0;0;0;1.0;0;0;1.0;1.0;0;0;0;0;0
630874;2.09;0.97;22.0;1644.0;20.25;81.0;13.5;1.96;13.19;14.48;0.54;1.77;2.31;142111.0;22.0;23.0;32.0;4524.0;976.69;820.30;3.0;1.0;0;1.0;0;0;1.0;0;0;1.0;0;0;1.0;1.0;0;0;0;0;0
631390;1.19;0.99;22.0;1517.0;20.25;81.0;12.75;0;9.29;14.39;2.12;1.17;2.31;142111.0;23.0;23.0;26.0;4444.0;976.69;820.30;3.0;1.0;0;1.0;0;0;1.0;0;0;1.0;0;0;1.0;1.0;0;0;0;0;0
631905;1.30;0.98;22.0;1352.0;20.25;81.0;10.5;0;8.96;14.39;5.60;2.81;2.31;142111.0;23.0;23.0;24.0;4485.0;976.69;800.77;3.0;1.0;0;1.0;0;0;1.0;0;0;1.0;0;0;1.0;1.0;0;0;0;0;0
632422;1.35;0.96;22.0;1315.0;20.25;81.0;11.25;0;9.00;14.39;3.82;1.89;2.31;142111.0;23.0;22.0;24.0;4495.0;976.69;781.24;3.0;1.0;0;1.0;0;0;1.0;0;0;1.0;0;0;1.0;1.0;0;0;0;0;0
632937;1.35;0.95;22.0;1334.0;20.25;81.0;10.5;0;8.95;14.48;2.73;1.42;2.31;142111.0;22.0;22.0;24.0;4508.0;976.69;644.52;3.0;1.0;0;1.0;0;0;1.0;0;0;1.0;0;0;1.0;1.0;0;0;0;0;0
633454;1.30;0.94;21.0;1283.0;20.25;81.0;12.0;0;9.26;14.48;2.05;0.99;2.31;142111.0;22.0;22.0;25.0;4509.0;976.69;58.59;3.0;1.0;0;1.0;0;0;1.0;0;0;1.0;0;0;1.0;1.0;0;0;0;0;0
633976;1.39;0.95;20.0;1268.0;20.25;81.0;12.0;0;9.27;14.39;1.62;0.70;2.31;142111.0;19.0;20.0;25.0;4530.0;976.69;0;3.0;1.0;0;1.0;0;0;1.0;0;0;1.0;0;0;1.0;1.0;0;0;0;0;0
634489;1.40;0.97;16.0;1234.0;20.25;81.0;15.0;0;9.70;14.48;1.11;2.73;2.31;142111.0;17.0;17.0;25.0;4515.0;976.69;19.53;3.0;1.0;0;1.0;0;0;1.0;0;0;1.0;0;0;1.0;1.0;0;0;0;0;0
635002;1.42;0.98;15.0;1278.0;20.25;81.0;12.0;0;9.31;14.39;0.82;2.05;2.31;142111.0;15.0;15.0;25.0;4513.0;976.69;39.06;3.0;1.0;0;1.0;0;0;1.0;0;0;1.0;0;0;1.0;1.0;0;0;0;0;0
635518;1.37;1.00;11.0;1335.0;20.25;81.0;10.5;0;8.98;14.39;0.54;1.34;2.31;142111.0;12.0;12.0;25.0;4507.0;976.69;78.12;3.0;1.0;0;1.0;0;0;1.0;0;0;1.0;0;0;1.0;1.0;0;0;0;0;0
636045;1.45;1.00;8.0;1302.0;20.25;81.0;10.5;0;8.98;14.48;0.33;0.99;2.31;142111.0;9.0;9.0;25.0;4504.0;976.69;664.05;3.0;1.0;0;1.0;0;0;1.0;0;0;1.0;0;0;1.0;1.0;0;0;0;0;0
636711;1.44;0.98;6.0;1241.0;20.25;81.0;14.25;0;9.61;14.48;2.57;0.66;2.31;142111.0;6.0;6.0;24.0;4520.0;976.69;605.46;3.0;1.0;0;1.0;0;0;1.0;0;0;1.0;0;0;1.0;1.0;0;0;0;0;0
637209;1.41;0.98;5.0;1238.0;20.25;81.0;14.25;0;9.62;14.39;1.71;0.39;2.31;142111.0;5.0;5.0;24.0;4521.0;976.69;19.53;2.0;1.0;0;1.0;0;0;1.0;0;0;1.0;0;0;1.0;1.0;0;0;0;0;0
637725;1.46;1.00;5.0;1299.0;20.25;81.0;9.75;0;8.81;14.48;1.19;0.27;2.31;142111.0;5.0;5.0;24.0;4505.0;976.69;78.12;2.0;1.0;0;1.0;0;0;1.0;0;0;1.0;0;0;1.0;1.0;0;0;0;0;0
638242;1.39;1.02;5.0;1325.0;20.25;81.0;8.25;0;8.43;14.39;0.87;0.15;2.31;142111.0;5.0;5.0;23.0;4512.0;976.69;468.74;1.0;1.0;0;1.0;0;0;1.0;0;0;1.0;0;0;1.0;1.0;0;0;0;0;0
638757;1.45;1.01;3.0;1290.0;20.25;81.0;10.5;0;8.86;14.39;2.73;5.97;2.31;142111.0;4.0;4.0;24.0;4510.0;976.69;761.70;1.0;1.0;0;1.0;0;0;1.0;0;0;1.0;0;0;1.0;1.0;0;0;0;0;0
639274;1.37;0.99;3.0;1283.0;20.25;81.0;11.25;0;8.96;14.39;1.93;4.55;2.31;142111.0;4.0;4.0;24.0;4506.0;976.69;781.24;1.0;1.0;0;1.0;0;0;1.0;0;0;1.0;0;0;1.0;1.0;0;0;0;0;0
639790;1.39;0.98;3.0;1278.0;20.25;81.0;12.0;0;9.18;14.48;1.42;3.26;2.31;142111.0;4.0;4.0;24.0;4505.0;976.69;156.24;1.0;1.0;0;1.0;0;0;1.0;0;0;1.0;0;0;1.0;1.0;0;0;0;0;0
640306;1.42;0.99;3.0;1254.0;20.25;81.0;13.5;0;9.42;14.39;0.99;2.32;2.31;142111.0;4.0;4.0;25.0;4509.0;976.69;19.53;1.0;1.0;0;1.0;0;0;1.0;0;0;1.0;0;0;1.0;1.0;0;0;0;0;0
640822;1.45;1.00;3.0;1253.0;20.25;81.0;13.5;0;9.46;14.48;0.66;1.73;2.31;142111.0;4.0;3.0;25.0;4531.0;976.69;78.12;1.0;1.0;0;1.0;0;0;1.0;0;0;1.0;0;0;1.0;1.0;0;0;0;0;0
641339;1.44;1.01;3.0;1249.0;20.25;81.0;13.5;0;9.57;14.48;0.46;1.28;2.31;142111.0;4.0;4.0;25.0;4500.0;976.69;722.64;1.0;1.0;0;1.0;0;0;1.0;0;0;1.0;0;0;1.0;1.0;0;0;0;0;0
641855;1.42;0.99;3.0;1233.0;20.25;81.0;14.25;0;9.57;14.39;2.30;0.89;2.31;142111.0;4.0;4.0;24.0;4528.0;976.69;742.17;1.0;1.0;0;1.0;0;0;1.0;0;0;1.0;0;0;1.0;1.0;0;0;0;0;0
642371;1.40;0.98;3.0;1276.0;20.25;81.0;12.0;0;9.21;14.39;1.62;0.64;2.31;142111.0;4.0;4.0;24.0;4504.0;976.69;351.55;1.0;1.0;0;1.0;0;0;1.0;0;0;1.0;0;0;1.0;1.0;0;0;0;0;0
642887;1.37;0.98;3.0;1291.0;20.25;81.0;11.25;0;8.96;14.39;1.19;2.36;2.31;142111.0;3.0;3.0;24.0;4504.0;976.69;39.06;1.0;1.0;0;1.0;0;0;1.0;0;0;1.0;0;0;1.0;1.0;0;0;0;0;0
643404;1.42;1.00;2.0;1305.0;20.25;81.0;9.75;0;8.75;14.39;0.82;1.58;2.31;142111.0;3.0;3.0;24.0;4513.0;976.69;78.12;1.0;1.0;0;1.0;0;0;1.0;0;0;1.0;0;0;1.0;1.0;0;0;0;0;0
643920;1.40;1.01;0;1290.0;20.25;81.0;11.25;0;8.96;14.39;0.58;1.17;2.31;142111.0;0;0;24.0;4517.0;976.69;546.86;1.0;1.0;0;1.0;0;0;1.0;0;0;1.0;0;0;1.0;1.0;0;0;0;0;0
644438;1.46;0.99;0;1269.0;20.25;81.0;12.0;0;9.23;14.39;0.35;0.85;2.31;142111.0;0;0;24.0;4521.0;976.69;683.58;1.0;1.0;0;1.0;0;0;1.0;0;0;1.0;0;0;1.0;1.0;0;0;0;0;0
644952;5.4;1.00;0;2269.0;20.25;81.0;14.25;14.11;31.91;14.39;2.59;2.92;2.31;142111.0;0;0;40.0;4503.0;976.69;859.36;1.0;1.0;0;1.0;0;0;1.0;0;0;1.0;0;0;1.0;1.0;0;0;0;0;0
645469;2.71;1.00;0;2434.0;20.25;81.75;27.0;5.49;18.86;14.39;1.21;3.88;2.31;142111.0;0;0;32.0;4577.0;976.69;820.30;1.0;1.0;0;1.0;0;0;1.0;0;0;1.0;0;0;1.0;1.0;0;0;0;0;0
645986;1.51;0.99;7.0;2950.0;20.25;81.75;33.75;2.74;10.96;14.29;0.56;1.97;2.58;142111.0;8.0;8.0;32.0;4506.0;976.69;859.36;1.0;1.0;0;1.0;0;0;1.0;0;0;1.0;0;0;1.0;1.0;0;0;0;0;0
646504;1.76;0.98;10.0;2223.0;20.25;81.75;21.0;0.78;12.90;14.39;0.21;0.89;2.31;142111.0;10.0;10.0;32.0;4551.0;976.69;839.83;1.0;1.0;0;1.0;0;0;1.0;0;0;1.0;0;0;1.0;1.0;0;0;0;0;0
647018;1.37;0.99;8.0;1378.0;20.25;81.75;12.75;0;9.50;14.48;6.99;4.78;2.31;142111.0;9.0;9.0;26.0;4483.0;976.69;820.30;1.0;1.0;0;1.0;0;0;1.0;0;0;1.0;0;0;1.0;1.0;0;0;0;0;0
647535;1.35;0.97;7.0;1307.0;20.25;81.75;9.75;0;8.91;14.29;21.34;14.64;2.58;142111.0;7.0;7.0;25.0;4494.0;976.69;781.24;1.0;1.0;0;1.0;0;0;1.0;0;0;1.0;0;0;1.0;1.0;0;0;0;0;0
648051;1.38;0.95;3.0;1246.0;20.25;81.75;12.75;0;9.41;14.39;16.34;11.21;2.31;142111.0;4.0;3.0;24.0;4516.0;976.69;644.52;1.0;1.0;0;1.0;0;0;1.0;0;0;1.0;0;0;1.0;1.0;0;0;0;0;0
648567;2.28;1.00;0;1694.0;20.25;81.75;13.5;2.35;13.64;14.48;18.78;12.81;2.31;142111.0;0;0;32.0;4599.0;976.69;839.83;1.0;1.0;0;1.0;0;0;1.0;0;0;1.0;0;0;1.0;1.0;0;0;0;0;0
649083;2.08;0.98;0;2065.0;20.25;81.75;18.75;2.74;13.94;14.39;18.76;11.60;2.31;142111.0;0;0;32.0;4550.0;976.69;839.83;1.0;1.0;0;1.0;0;0;1.0;0;0;1.0;0;0;1.0;1.0;0;0;0;0;0
649602;2.06;0.96;3.0;2201.0;20.25;81.75;21.0;3.13;14.53;14.39;10.44;6.44;2.31;142111.0;4.0;4.0;32.0;4525.0;976.69;839.83;1.0;1.0;0;1.0;0;0;1.0;0;0;1.0;0;0;1.0;1.0;0;0;0;0;0
650118;1.12;0.99;5.0;1602.0;20.25;81.75;12.75;0;9.24;14.39;6.79;6.05;2.31;142111.0;5.0;5.0;25.0;4452.0;976.69;781.24;1.0;1.0;0;1.0;0;0;1.0;0;0;1.0;0;0;1.0;1.0;0;0;0;0;0
650634;1.38;0.98;3.0;1320.0;20.25;81.75;10.5;0;9.35;14.48;4.90;6.60;2.31;142111.0;4.0;4.0;26.0;4473.0;976.69;800.77;1.0;1.0;0;1.0;0;0;1.0;0;0;1.0;0;0;1.0;1.0;0;0;0;0;0
651150;1.40;0.96;0;1275.0;20.25;81.0;12.0;0;9.35;14.39;5.74;6.65;2.31;142111.0;0;0;25.0;4505.0;976.69;761.70;1.0;1.0;0;1.0;0;0;1.0;0;0;1.0;0;0;1.0;1.0;0;0;0;0;0
651666;1.38;0.95;0;1243.0;20.25;81.0;13.5;0;9.58;14.39;6.03;5.07;2.31;142111.0;0;0;25.0;4510.0;976.69;664.05;1.0;1.0;0;1.0;0;0;1.0;0;0;1.0;0;0;1.0;1.0;0;0;0;0;0
652183;1.32;0.94;0;1307.0;20.25;81.0;9.0;0;8.77;14.39;4.58;3.86;2.31;142111.0;0;0;24.0;4528.0;976.69;0;1.0;1.0;0;1.0;0;0;1.0;0;0;1.0;0;0;1.0;1.0;0;0;0;0;0
652699;1.36;0.96;0;1261.0;20.25;81.0;12.75;0;9.41;14.29;3.28;2.59;2.58;142111.0;0;0;25.0;4530.0;976.69;0;1.0;1.0;0;1.0;0;0;1.0;0;0;1.0;0;0;1.0;1.0;0;0;0;0;0
653217;1.40;0.98;0;1260.0;20.25;81.0;12.75;0;9.42;14.29;2.48;1.95;2.58;142111.0;0;0;25.0;4513.0;976.69;19.53;1.0;1.0;0;1.0;0;0;1.0;0;0;1.0;0;0;1.0;1.0;0;0;0;0;0
653732;1.44;0.99;0;1272.0;20.25;81.0;12.0;0;9.31;14.39;1.75;1.54;2.31;142111.0;0;0;25.0;4496.0;976.69;39.06;1.0;1.0;0;1.0;0;0;1.0;0;0;1.0;0;0;1.0;1.0;0;0;0;0;0
654249;1.42;1.01;0;1288.0;20.25;81.0;11.25;0;9.08;14.48;3.65;1.07;2.31;142111.0;0;0;25.0;4519.0;976.69;624.99;1.0;1.0;0;1.0;0;0;1.0;0;0;1.0;0;0;1.0;1.0;0;0;0;0;0
654768;1.45;0.99;0;1276.0;20.25;81.0;12.0;0;9.30;14.39;2.75;0.78;2.31;142111.0;0;0;25.0;4517.0;976.69;664.05;1.0;1.0;0;1.0;0;0;1.0;0;0;1.0;0;0;1.0;1.0;0;0;0;0;0
655283;1.45;0.98;0;1260.0;20.25;81.0;13.5;0;9.54;14.39;1.95;0.56;2.31;142111.0;0;0;25.0;4512.0;976.69;644.52;1.0;1.0;0;1.0;0;0;1.0;0;0;1.0;0;0;1.0;1.0;0;0;0;0;0
655799;2.21;0.99;0;1691.0;20.25;81.0;13.5;2.35;13.53;14.39;3.39;6.85;2.31;142111.0;0;0;32.0;4600.0;976.69;839.83;1.0;1.0;0;1.0;0;0;1.0;0;0;1.0;0;0;1.0;1.0;0;0;0;0;0
656315;2.22;0.98;0;1706.0;20.25;81.0;13.5;2.35;14.01;14.39;2.28;4.66;2.31;142111.0;0;0;32.0;4543.0;976.69;839.83;1.0;1.0;0;1.0;0;0;1.0;0;0;1.0;0;0;1.0;1.0;0;0;0;0;0
656831;1.31;0.99;0;1403.0;20.25;81.0;12.0;0;9.35;14.39;3.84;3.00;2.31;142111.0;0;0;25.0;4450.0;976.73;820.30;1.0;1.0;0;1.0;0;0;1.0;0;0;1.0;0;0;1.0;1.0;0;0;0;0;0
657349;1.44;0.98;0;1267.0;20.25;81.0;12.0;0;9.34;14.48;2.73;2.26;2.31;142111.0;0;0;25.0;4487.0;976.73;800.77;1.0;1.0;0;1.0;0;0;1.0;0;0;1.0;0;0;1.0;1.0;0;0;0;0;0
657864;1.98;0.96;0;1585.0;20.25;81.0;13.5;1.56;12.65;14.39;2.05;1.69;2.31;142111.0;0;0;32.0;4578.0;976.73;820.30;1.0;1.0;0;1.0;0;0;1.0;0;0;1.0;0;0;1.0;1.0;0;0;0;0;0
658381;2.71;1.00;0;1876.0;20.25;81.0;15.0;3.52;16.12;14.48;2.73;0.99;2.31;142111.0;0;0;32.0;4554.0;976.73;839.83;1.0;1.0;0;1.0;0;0;1.0;0;0;1.0;0;0;1.0;1.0;0;0;0;0;0
658897;4.11;0.98;6.0;1814.0;20.25;81.0;15.75;7.45;22.98;14.48;1.71;0.58;2.31;142111.0;6.0;6.0;32.0;4524.0;976.73;859.36;1.0;1.0;0;1.0;0;0;1.0;0;0;1.0;0;0;1.0;1.0;0;0;0;0;0
659415;5.50;1.00;12.0;2296.0;20.25;81.0;16.5;18.43;35.40;14.39;2.98;0.29;2.31;142111.0;12.0;13.0;32.0;4411.0;976.73;820.30;1.0;1.0;0;1.0;0;0;1.0;0;0;1.0;0;0;1.0;1.0;0;0;0;0;0
659933;5.43;1.00;22.0;2646.0;20.25;81.0;17.25;25.49;37.70;14.39;1.79;0.09;2.31;142111.0;22.0;23.0;32.0;4418.0;976.73;781.24;1.0;1.0;0;1.0;0;0;1.0;0;0;1.0;0;0;1.0;1.0;0;0;0;0;0
660448;0;1.00;30.0;3257.0;20.25;81.0;28.5;0;9.25;14.39;0.82;0;2.31;142111.0;29.0;30.0;32.0;4658.0;976.80;761.70;1.0;1.0;0;1.0;0;0;1.0;0;0;1.0;0;0;1.0;1.0;0;0;0;0;0
660964;2.47;1.00;32.0;2532.0;20.25;81.0;25.5;4.70;17.35;14.48;0.33;1.97;2.31;142111.0;32.0;32.0;32.0;4194.0;976.84;800.77;2.0;1.0;0;1.0;0;0;1.0;0;0;1.0;0;0;1.0;1.0;0;0;0;0;0
661481;1.58;1.00;33.0;2591.0;20.25;81.0;27.0;2.35;11.23;14.48;0.11;3.24;2.31;142111.0;33.0;33.0;32.0;4284.0;976.88;820.30;2.0;1.0;0;1.0;0;0;1.0;0;0;1.0;0;0;1.0;1.0;0;0;0;0;0
661997;1.61;0.98;33.0;2599.0;20.25;81.0;27.0;2.35;11.20;14.39;0;1.62;2.31;142111.0;33.0;33.0;32.0;4413.0;976.88;820.30;2.0;1.0;0;1.0;0;0;1.0;0;0;1.0;0;0;1.0;1.0;0;0;0;0;0
662514;4.38;1.00;33.0;2703.0;20.25;81.0;27.75;12.15;27.46;14.39;0;0.82;2.31;142111.0;34.0;34.0;32.0;4420.0;976.84;820.30;2.0;1.0;0;1.0;0;0;1.0;0;0;1.0;0;0;1.0;1.0;0;0;0;0;0
663031;2.18;0.99;36.0;2833.0;20.25;81.0;31.5;4.70;16.13;14.39;0;0.35;2.31;142111.0;36.0;36.0;32.0;4498.0;976.80;800.77;2.0;1.0;0;1.0;0;0;1.0;0;0;1.0;0;0;1.0;1.0;0;0;0;0;0
663548;3.48;1.00;38.0;3025.0;20.25;81.0;32.25;10.58;25.13;14.39;0;2.34;2.31;142111.0;38.0;39.0;32.0;4494.0;976.80;800.77;2.0;1.0;0;1.0;0;0;1.0;0;0;1.0;0;0;1.0;1.0;0;0;0;0;0
664065;0;1.00;41.0;3484.0;20.25;81.0;40.5;0;8.61;14.39;0;2.53;2.31;142111.0;41.0;41.0;32.0;4670.0;976.84;644.52;2.0;1.0;0;1.0;0;0;1.0;0;0;1.0;0;0;1.0;1.0;0;0;0;0;0
664582;3.82;1.00;42.0;2662.0;20.25;81.0;17.25;9.80;23.33;14.39;0;3.06;2.31;142111.0;43.0;43.0;32.0;4177.0;976.92;800.77;3.0;1.0;0;1.0;0;0;1.0;0;0;1.0;0;0;1.0;1.0;0;0;0;0;0
665097;3.38;0.96;46.0;2795.0;20.25;81.0;29.25;9.80;24.84;14.39;2.98;1.34;2.31;142111.0;45.0;46.0;32.0;4235.0;977.00;781.24;3.0;1.0;0;1.0;0;0;1.0;0;0;1.0;0;0;1.0;1.0;0;0;0;0;0
665614;2.32;1.00;47.0;2906.0;20.25;80.25;33.0;5.49;17.37;14.48;2.96;0.62;2.31;142111.0;47.0;48.0;33.0;4387.0;976.96;800.77;3.0;1.0;0;1.0;0;0;1.0;0;0;1.0;0;0;1.0;1.0;0;0;0;0;0
666130;1.77;0.97;48.0;2966.0;20.25;80.25;33.75;3.52;13.32;14.39;2.94;1.93;2.31;142111.0;48.0;48.0;33.0;4492.0;976.88;800.77;3.0;1.0;0;1.0;0;0;1.0;0;0;1.0;0;0;1.0;1.0;0;0;0;0;0
666648;1.2;0.96;48.0;2948.0;20.25;80.25;33.75;1.96;8.83;14.39;1.48;0.87;2.31;142111.0;48.0;48.0;33.0;4514.0;977.00;820.30;3.0;1.0;0;1.0;0;0;1.0;0;0;1.0;0;0;1.0;1.0;0;0;0;0;0
667163;0.80;1.00;47.0;2851.0;20.25;80.25;13.5;0;9.34;14.48;0.74;0.35;2.31;142111.0;46.0;47.0;33.0;4535.0;976.92;703.11;3.0;1.0;0;1.0;0;0;1.0;0;0;1.0;0;0;1.0;1.0;0;0;0;0;0
667682;0.81;1.00;45.0;2789.0;20.25;80.25;12.0;0;9.12;14.48;2.03;0.11;2.31;142111.0;45.0;45.0;33.0;4511.0;976.88;156.24;3.0;1.0;0;1.0;0;0;1.0;0;0;1.0;0;0;1.0;1.0;0;0;0;0;0
668197;0.84;1.00;43.0;2704.0;20.25;80.25;11.25;0;9.16;14.48;0.87;0;2.31;142111.0;44.0;44.0;33.0;4508.0;976.96;0;3.0;1.0;0;1.0;0;0;1.0;0;0;1.0;0;0;1.0;1.0;0;0;0;0;0
668713;2.01;0.99;42.0;2691.0;20.25;80.25;7.5;3.92;10.05;14.39;0.39;0;2.31;142111.0;43.0;43.0;33.0;4487.0;977.00;800.77;3.0;1.0;0;1.0;0;0;1.0;0;0;1.0;0;0;1.0;1.0;0;0;0;0;0
669229;0.84;1.00;42.0;2620.0;20.25;80.25;10.5;0;9.15;14.48;0.15;0;2.31;142111.0;42.0;42.0;33.0;4528.0;977.00;781.24;3.0;1.0;0;1.0;0;0;1.0;0;0;1.0;0;0;1.0;1.0;0;0;0;0;0
669748;0.88;1.00;40.0;2495.0;20.25;80.25;10.5;0;9.39;14.39;1.79;0;2.31;142111.0;41.0;41.0;32.0;4546.0;977.00;664.05;3.0;1.0;0;1.0;0;0;1.0;0;0;1.0;0;0;1.0;1.0;0;0;0;0;0
670264;0.84;1.00;38.0;2408.0;20.25;80.25;15.0;0;9.31;14.39;84.89;54.23;2.31;142111.0;39.0;39.0;26.0;4532.0;976.96;507.80;3.0;1.0;0;1.0;0;0;1.0;0;0;1.0;0;0;1.0;1.0;0;0;0;0;0
670782;0.84;1.00;37.0;2314.0;20.25;80.25;14.25;0;9.31;14.48;72.78;58.80;2.31;142111.0;38.0;38.0;24.0;4528.0;977.04;0;3.0;1.0;0;1.0;0;0;1.0;0;0;1.0;0;0;1.0;1.0;0;0;0;0;0
671300;0.88;1.00;36.0;2269.0;20.25;80.25;13.5;0;9.40;14.20;46.77;36.54;2.58;142111.0;37.0;37.0;24.0;4538.0;976.96;0;3.0;1.0;0;1.0;0;0;1.0;0;0;1.0;0;0;1.0;1.0;0;0;0;0;0
671817;0.91;1.00;36.0;2220.0;20.25;79.5;13.5;0;9.45;14.48;29.06;23.51;2.31;142111.0;36.0;36.0;25.0;4518.0;976.88;0;3.0;1.0;0;1.0;0;0;1.0;0;0;1.0;0;0;1.0;1.0;0;0;0;0;0
672333;2.57;1.00;35.0;2139.0;20.25;79.5;1.5;3.92;10.65;14.48;26.46;16.28;2.31;142111.0;35.0;35.0;33.0;4546.0;976.84;878.89;3.0;1.0;0;1.0;0;0;1.0;0;0;1.0;0;0;1.0;1.0;0;0;0;0;0
672847;4.15;1.00;36.0;2242.0;20.25;79.5;7.5;10.58;24.55;14.39;16.40;10.62;2.31;142111.0;36.0;37.0;33.0;4438.0;976.80;859.36;3.0;1.0;0;1.0;0;0;1.0;0;0;1.0;0;0;1.0;1.0;0;0;0;0;0
673365;3.12;1.00;40.0;2442.0;20.25;79.5;24.0;7.84;23.08;14.39;11.83;6.52;2.31;142111.0;39.0;40.0;33.0;4462.0;976.77;839.83;3.0;1.0;0;1.0;0;0;1.0;0;0;1.0;0;0;1.0;1.0;0;0;0;0;0
673882;3.04;0.96;42.0;2601.0;20.25;79.5;27.0;8.23;22.98;14.39;7.26;3.18;2.31;142111.0;42.0;43.0;33.0;4466.0;976.77;820.30;3.0;1.0;0;1.0;0;0;1.0;0;0;1.0;0;0;1.0;1.0;0;0;0;0;0
674397;1.58;0.99;43.0;2727.0;20.25;79.5;29.25;2.35;11.97;14.39;3.96;1.69;2.31;142111.0;44.0;44.0;33.0;4552.0;977.04;839.83;3.0;1.0;0;1.0;0;0;1.0;0;0;1.0;0;0;1.0;1.0;0;0;0;0;0
674914;0.89;1.00;43.0;2716.0;20.25;79.5;39.75;0;13.02;14.39;2.14;3.10;2.31;142111.0;44.0;44.0;33.0;4563.0;977.08;781.24;3.0;1.0;0;1.0;0;0;1.0;0;0;1.0;0;0;1.0;1.0;0;0;0;0;0
675432;0.87;1.00;43.0;2659.0;20.25;79.5;11.25;0;9.40;14.48;2.67;1.66;2.31;142111.0;43.0;43.0;33.0;4523.0;977.23;703.11;3.0;1.0;0;1.0;0;0;1.0;0;0;1.0;0;0;1.0;1.0;0;0;0;0;0
675949;0.86;1.00;42.0;2592.0;20.25;79.5;11.25;0;9.38;14.39;1.42;2.85;2.31;142111.0;42.0;42.0;33.0;4522.0;977.16;624.99;3.0;1.0;0;1.0;0;0;1.0;0;0;1.0;0;0;1.0;1.0;0;0;0;0;0
676464;2.41;0.99;42.0;2666.0;20.25;79.5;2.25;4.70;10.42;14.39;2.24;3.73;2.31;142111.0;42.0;42.0;33.0;4466.0;977.2;800.77;3.0;1.0;0;1.0;0;0;1.0;0;0;1.0;0;0;1.0;1.0;0;0;0;0;0
676982;2.68;0.96;42.0;2655.0;20.25;79.5;12.0;6.66;16.83;14.48;1.05;3.78;2.31;142111.0;43.0;43.0;33.0;4465.0;977.12;781.24;3.0;1.0;0;1.0;0;0;1.0;0;0;1.0;0;0;1.0;1.0;0;0;0;0;0
677499;2.92;0.93;45.0;2819.0;20.25;79.5;27.75;7.84;22.22;14.39;2.73;1.91;2.31;142111.0;45.0;46.0;33.0;4488.0;977.12;820.30;3.0;1.0;0;1.0;0;0;1.0;0;0;1.0;0;0;1.0;1.0;0;0;0;0;0
678015;3.09;0.97;48.0;3011.0;20.25;79.5;33.0;9.80;24.28;14.39;1.34;2.83;2.31;142111.0;48.0;49.0;33.0;4532.0;977.08;781.24;3.0;1.0;0;1.0;0;0;1.0;0;0;1.0;0;0;1.0;1.0;0;0;0;0;0
678535;3.68;1.00;52.0;3180.0;20.25;79.5;32.25;11.37;26.08;14.20;0.58;3.04;2.58;142111.0;51.0;52.0;33.0;4517.0;977.2;800.77;3.0;1.0;0;1.0;0;0;1.0;0;0;1.0;0;0;1.0;1.0;0;0;0;0;0
679049;3.55;0.94;56.0;3492.0;20.25;79.5;32.25;14.90;28.22;14.39;0.19;3.33;2.31;142111.0;55.0;57.0;33.0;4516.0;977.2;722.64;3.0;1.0;0;1.0;0;0;1.0;0;0;1.0;0;0;1.0;1.0;0;0;0;0;0
679568;3.22;0.89;61.0;3729.0;20.25;80.25;34.5;14.11;27.21;14.29;0;1.42;2.58;142111.0;59.0;61.0;33.0;4545.0;977.39;644.52;3.0;1.0;0;1.0;0;0;1.0;0;0;0;0;0;1.0;1.0;0;0;0;0;0
680083;2.87;1.00;63.0;3293.0;20.25;80.25;38.25;7.84;19.91;14.48;0;0.42;2.31;142111.0;63.0;63.0;33.0;4218.0;977.43;800.77;4.0;1.0;0;1.0;0;0;1.0;0;0;0;0;0;1.0;1.0;0;0;0;0;0
680599;1.83;0.99;65.0;3377.0;20.25;80.25;39.0;4.70;13.28;14.29;0;0.11;2.58;142112.0;64.0;65.0;33.0;4238.0;977.51;820.30;4.0;1.0;0;1.0;0;0;1.0;0;0;0;0;0;1.0;1.0;0;0;0;0;0
681117;3.41;1.00;67.0;3517.0;20.25;80.25;35.25;10.58;22.94;14.48;0;0;2.31;142112.0;66.0;67.0;33.0;4348.0;977.62;800.77;4.0;1.0;0;1.0;0;0;1.0;0;0;0;0;0;1.0;1.0;0;0;0;0;0
681632;4.67;1.00;70.0;3679.0;20.25;80.25;30.75;18.04;28.71;14.48;1.01;0;2.31;142112.0;69.0;71.0;33.0;4428.0;977.70;800.77;4.0;1.0;0;1.0;0;0;1.0;0;0;0;0;0;1.0;1.0;0;0;0;0;0
682150;0;1.00;73.0;3976.0;20.25;80.25;41.25;0;4.13;14.39;2.14;0;2.31;142112.0;73.0;73.0;33.0;4566.0;977.70;781.24;4.0;1.0;0;1.0;0;0;1.0;0;0;0;0;0;1.0;1.0;0;0;0;0;0
682666;5.56;1.00;77.0;3617.0;20.25;80.25;24.75;21.96;34.16;14.39;0.82;0;2.31;142112.0;75.0;78.0;33.0;4590.0;977.74;800.77;5.0;1.0;0;1.0;0;0;1.0;0;0;0;0;0;1.0;1.0;0;0;0;0;0
683186;2.29;0.99;78.0;3376.0;20.25;80.25;39.0;6.66;18.17;14.48;0.23;1.07;2.31;142112.0;78.0;79.0;33.0;4498.0;977.78;800.77;6.0;1.0;0;1.0;0;0;1.0;0;0;0;0;0;1.0;1.0;0;0;0;0;0
683701;1.12;0.99;80.0;3374.0;20.25;80.25;39.0;2.35;8.55;14.48;0;2.03;2.31;142112.0;79.0;80.0;33.0;4529.0;977.82;800.77;6.0;1.0;0;1.0;0;0;1.0;0;0;0;0;0;1.0;1.0;0;0;0;0;0
684220;0.61;1.00;80.0;3359.0;20.25;79.5;-30.0;0;0;14.48;1.07;2.49;2.31;142112.0;79.0;80.0;33.0;4565.0;977.86;624.99;6.0;1.0;0;1.0;0;0;1.0;0;0;0;0;0;1.0;1.0;0;0;0;0;0
684734;0.64;1.00;78.0;3346.0;20.25;79.5;-30.0;0;0;14.48;1.60;2.71;2.31;142112.0;79.0;79.0;33.0;4569.0;977.86;0;6.0;1.0;0;1.0;0;0;1.0;0;0;0;0;0;1.0;1.0;0;0;0;0;0
685251;0.64;1.00;78.0;3299.0;20.25;79.5;-30.0;0;0;14.48;0.66;1.19;2.31;142112.0;78.0;78.0;33.0;4563.0;977.86;0;6.0;1.0;0;1.0;0;0;1.0;0;0;0;0;0;1.0;1.0;0;0;0;0;0
685766;0.64;1.00;77.0;3291.0;20.25;79.5;-30.0;0;0;14.39;0.19;0.35;2.31;142112.0;78.0;78.0;33.0;4563.0;977.90;0;6.0;1.0;0;1.0;0;0;1.0;0;0;0;0;0;1.0;1.0;0;0;0;0;0
686285;0.64;1.00;77.0;3305.0;20.25;79.5;-30.0;0;0;14.48;0;0.07;2.31;142112.0;78.0;78.0;33.0;4561.0;977.90;0;6.0;1.0;0;1.0;0;0;1.0;0;0;0;0;0;1.0;1.0;0;0;0;0;0
686803;0.64;1.00;77.0;3276.0;20.25;79.5;-30.0;0;0;14.29;0;0;2.58;142112.0;77.0;77.0;33.0;4560.0;977.90;0;6.0;1.0;0;1.0;0;0;1.0;0;0;0;0;0;1.0;1.0;0;0;0;0;0
687329;0.64;1.00;76.0;3253.0;20.25;79.5;-30.0;0;0;14.48;1.85;0;2.31;142112.0;76.0;77.0;33.0;4556.0;977.90;0;6.0;1.0;0;1.0;0;0;1.0;0;0;0;0;0;1.0;1.0;0;0;0;0;0
687835;0.64;1.00;75.0;3210.0;20.25;79.5;-30.0;0;0;14.48;0.78;1.85;2.31;142112.0;75.0;75.0;33.0;4555.0;977.90;0;6.0;1.0;0;1.0;0;0;1.0;0;0;0;0;0;1.0;1.0;0;0;0;0;0
688350;0.68;1.00;75.0;3132.0;20.25;79.5;-30.0;0;0;14.48;0.31;2.89;2.31;142112.0;75.0;73.0;33.0;4563.0;977.94;0;6.0;1.0;0;1.0;0;0;1.0;0;0;0;0;0;1.0;1.0;0;0;0;0;0
688869;0.68;1.00;71.0;3053.0;20.25;79.5;-30.0;0;0;14.48;2.24;1.19;2.31;142112.0;72.0;72.0;33.0;4569.0;978.17;0;6.0;1.0;0;1.0;0;0;1.0;0;0;0;0;0;1.0;1.0;0;0;0;0;0
689385;0.69;1.00;70.0;2938.0;20.25;79.5;-30.0;0;0;14.39;1.05;1.73;2.31;142112.0;69.0;70.0;33.0;4601.0;978.09;0;6.0;1.0;0;1.0;0;0;1.0;0;0;0;0;0;1.0;1.0;0;0;0;0;0
689905;0.70;1.00;67.0;2863.0;20.25;79.5;-30.0;0;0;14.48;2.16;0.83;2.31;142112.0;67.0;68.0;33.0;4613.0;978.33;0;6.0;1.0;0;1.0;0;0;1.0;0;0;0;0;0;1.0;1.0;0;0;0;0;0
690417;0.72;1.00;66.0;2788.0;20.25;79.5;-30.0;0;0;14.48;2.75;1.91;2.31;142112.0;65.0;66.0;33.0;4612.0;978.56;19.53;6.0;1.0;0;1.0;0;0;1.0;0;0;0;0;0;1.0;1.0;0;0;0;0;0
690937;0.74;1.00;63.0;2749.0;20.25;79.5;-30.0;0;0;14.29;1.44;0.93;2.58;142112.0;64.0;64.0;33.0;4609.0;978.72;19.53;6.0;1.0;0;1.0;0;0;1.0;0;0;0;0;0;1.0;1.0;0;0;0;0;0
691453;0.75;1.00;62.0;2683.0;20.25;79.5;-30.0;0;0;14.48;2.40;0.42;2.31;142112.0;63.0;63.0;33.0;4615.0;978.87;19.53;6.0;1.0;0;1.0;0;0;1.0;0;0;0;0;0;1.0;1.0;0;0;0;0;0
691970;0.79;1.00;61.0;2635.0;20.25;79.5;-30.0;0;0;14.48;1.19;0.13;2.31;142112.0;61.0;62.0;33.0;4611.0;978.95;19.53;6.0;1.0;0;1.0;0;0;1.0;0;0;0;0;0;1.0;1.0;0;0;0;0;0
692491;0.76;1.00;61.0;2609.0;20.25;79.5;-30.0;0;0;14.29;1.95;0;2.58;142112.0;61.0;62.0;33.0;4602.0;979.03;19.53;6.0;1.0;0;1.0;0;0;1.0;0;0;0;0;0;1.0;1.0;0;0;0;0;0
693004;0.78;1.00;61.0;2595.0;20.25;79.5;-30.0;0;0;14.48;1.01;0;2.31;142112.0;61.0;61.0;33.0;4587.0;979.07;39.06;6.0;1.0;0;1.0;0;0;1.0;0;0;0;0;0;1.0;1.0;0;0;0;0;0
693521;0.81;1.00;60.0;2573.0;20.25;79.5;14.25;0;9.32;14.48;2.30;0;2.31;142112.0;60.0;61.0;33.0;4213.0;979.07;39.06;6.0;1.0;0;1.0;0;0;1.0;0;0;0;0;0;1.0;1.0;0;0;0;0;0
694038;0.81;1.00;61.0;2588.0;20.25;79.5;15.0;0;9.33;14.39;3.41;0;2.31;142112.0;61.0;61.0;33.0;4257.0;979.11;136.71;6.0;1.0;0;1.0;0;0;1.0;0;0;0;0;0;1.0;1.0;0;0;0;0;0
694554;0.80;1.00;61.0;2615.0;20.25;78.75;15.0;0;9.40;14.39;74.27;82.29;2.31;142112.0;61.0;62.0;34.0;4402.0;979.11;839.83;6.0;1.0;0;1.0;0;0;1.0;0;0;0;0;0;1.0;1.0;0;0;0;0;0
695072;0.8;1.00;61.0;2604.0;20.25;78.75;15.0;0;9.44;14.48;154.50;199.49;2.31;142112.0;61.0;61.0;34.0;4466.0;979.11;781.24;6.0;1.0;0;1.0;0;0;1.0;0;0;0;0;0;1.0;1.0;0;0;0;0;0
695587;0.79;1.00;61.0;2609.0;20.25;78.75;15.0;0;9.42;14.39;208.36;234.20;2.31;142112.0;61.0;61.0;34.0;4516.0;979.19;722.64;6.0;1.0;0;1.0;0;0;1.0;0;0;0;0;0;1.0;1.0;0;0;0;0;0
696144;0.8;1.00;61.0;2580.0;20.25;78.75;14.25;0;9.40;14.48;226.62;224.84;2.31;142112.0;61.0;61.0;34.0;4513.0;979.19;761.70;6.0;1.0;0;1.0;0;0;1.0;0;0;0;0;0;1.0;1.0;0;0;0;0;0
696787;0.79;1.00;61.0;2608.0;20.25;78.75;15.0;0;9.42;14.39;243.40;228.50;2.31;142112.0;61.0;61.0;34.0;4503.0;979.46;742.17;6.0;1.0;0;1.0;0;0;1.0;0;0;0;0;0;1.0;1.0;0;0;0;0;0
697327;0.81;1.00;60.0;2519.0;20.25;78.75;14.25;0;9.40;14.39;253.34;202.19;2.31;142112.0;59.0;60.0;34.0;4524.0;979.66;800.77;6.0;1.0;0;1.0;0;0;1.0;0;0;0;0;0;1.0;1.0;0;0;0;0;0
697845;0.80;1.00;57.0;2464.0;20.25;78.75;14.25;0;9.35;14.39;217.17;168.25;2.31;142112.0;58.0;58.0;33.0;4521.0;979.85;761.70;6.0;1.0;0;1.0;0;0;1.0;0;0;0;0;0;1.0;1.0;0;0;0;0;0
698362;0.81;1.00;57.0;2442.0;20.25;78.75;14.25;0;9.37;14.39;125.05;93.93;2.31;142112.0;57.0;57.0;33.0;4521.0;980.05;781.24;6.0;1.0;0;1.0;0;0;1.0;0;0;0;0;0;1.0;1.0;0;0;0;0;0
698879;0.83;1.00;56.0;2367.0;20.25;78.75;13.5;0;9.40;14.39;73.76;55.40;2.31;142112.0;57.0;56.0;33.0;4538.0;980.16;664.05;6.0;1.0;0;1.0;0;0;1.0;0;0;1.0;0;0;1.0;1.0;0;0;0;0;0
699399;0.84;1.00;55.0;2371.0;20.25;78.75;14.25;0;9.53;14.39;67.35;73.08;2.31;142112.0;55.0;56.0;25.0;4527.0;980.24;566.39;6.0;1.0;0;1.0;0;0;1.0;0;0;1.0;0;0;1.0;1.0;0;0;0;0;0
699912;0.86;1.00;55.0;2348.0;20.25;78.75;13.5;0;9.44;14.39;86.51;57.96;2.31;142112.0;55.0;55.0;26.0;4527.0;980.28;19.53;6.0;1.0;0;1.0;0;0;1.0;0;0;1.0;0;0;1.0;1.0;0;0;0;0;0
700430;0.84;1.00;53.0;2320.0;20.25;78.75;14.25;0;9.49;14.39;68.45;110.46;2.31;142112.0;53.0;54.0;25.0;4522.0;980.32;19.53;6.0;1.0;0;1.0;0;0;1.0;0;0;1.0;0;0;1.0;1.0;0;0;0;0;0
700947;0.88;1.00;53.0;2257.0;20.25;78.75;12.75;0;9.36;14.48;45.87;86.26;2.31;142112.0;53.0;53.0;26.0;4517.0;980.32;39.06;6.0;1.0;0;1.0;0;0;1.0;0;0;1.0;0;0;1.0;1.0;0;0;0;0;0
701470;0.88;1.00;52.0;2235.0;20.25;78.75;13.5;0;9.47;14.48;67.84;73.10;2.31;142112.0;52.0;53.0;25.0;4518.0;980.36;39.06;6.0;1.0;0;1.0;0;0;1.0;0;0;1.0;0;0;1.0;1.0;0;0;0;0;0
701981;0.95;1.00;52.0;2228.0;20.25;78.75;13.5;0;9.49;14.48;42.32;53.04;2.31;142112.0;52.0;52.0;25.0;4526.0;980.36;58.59;6.0;1.0;0;1.0;0;0;1.0;0;0;1.0;0;0;1.0;1.0;0;0;0;0;0
702498;1.44;1.00;52.0;2229.0;20.25;78.75;21.0;1.17;9.26;14.48;82.88;71.10;2.31;142112.0;52.0;52.0;34.0;4514.0;980.40;898.42;6.0;1.0;0;1.0;0;0;1.0;0;0;1.0;0;0;1.0;1.0;0;0;0;0;0
703016;1.44;0.99;52.0;2258.0;20.25;78.75;21.75;1.56;9.49;14.39;149.89;134.44;2.31;142112.0;52.0;53.0;34.0;4511.0;980.40;898.42;6.0;1.0;0;1.0;0;0;1.0;0;0;1.0;0;0;1.0;1.0;0;0;0;0;0
703533;1.93;0.97;52.0;2316.0;20.25;78.75;22.5;2.74;13.07;14.39;162.13;155.06;2.31;142112.0;52.0;53.0;34.0;4520.0;980.40;878.89;6.0;1.0;0;1.0;0;0;1.0;0;0;1.0;0;0;1.0;1.0;0;0;0;0;0
704049;2.02;0.95;53.0;2281.0;20.25;78.75;22.5;3.13;14.76;14.39;156.37;145.12;2.31;142112.0;53.0;54.0;34.0;4491.0;980.40;859.36;6.0;1.0;0;1.0;0;0;1.0;0;0;1.0;0;0;1.0;1.0;0;0;0;0;0
704567;1.92;0.93;55.0;2315.0;20.25;78.75;22.5;2.74;13.97;14.20;182.64;124.67;2.58;142112.0;54.0;55.0;34.0;4500.0;980.40;859.36;6.0;1.0;0;1.0;0;0;1.0;0;0;1.0;0;0;1.0;1.0;0;0;0;0;0
705083;1.44;0.92;56.0;2384.0;20.25;78.75;23.25;1.96;10.64;14.39;237.81;189.65;2.31;142112.0;55.0;56.0;34.0;4506.0;980.40;859.36;6.0;1.0;0;1.0;0;0;1.0;0;0;1.0;0;0;1.0;1.0;0;0;0;0;0
705602;1.41;0.90;56.0;2394.0;20.25;78.75;24.0;1.96;10.71;14.48;286.01;246.15;2.31;142112.0;55.0;56.0;34.0;4515.0;980.40;859.36;6.0;1.0;0;1.0;0;0;1.0;0;0;1.0;0;0;1.0;1.0;0;0;0;0;0
706121;1.38;0.88;56.0;2410.0;20.25;78.75;24.0;1.96;10.52;14.48;281.97;295.02;2.31;142112.0;57.0;57.0;34.0;4507.0;980.40;839.83;6.0;1.0;0;1.0;0;0;1.0;0;0;1.0;0;0;1.0;1.0;0;0;0;0;0
706635;1.35;0.87;57.0;2416.0;20.25;78.75;24.0;1.96;10.49;14.39;326.07;283.96;2.31;142112.0;57.0;57.0;34.0;4495.0;980.48;820.30;6.0;1.0;0;1.0;0;0;1.0;0;0;1.0;0;0;1.0;1.0;0;0;0;0;0
707152;1.30;0.85;57.0;2482.0;20.25;78.75;25.5;1.96;10.33;14.29;327.43;329.15;2.58;142112.0;57.0;58.0;34.0;4509.0;980.63;820.30;6.0;1.0;0;1.0;0;0;1.0;0;0;1.0;0;0;1.0;1.0;0;0;0;0;0
707669;1.04;0.84;57.0;2458.0;20.25;78.75;24.75;1.17;8.09;14.39;288.98;301.85;2.31;142112.0;58.0;58.0;34.0;4494.0;980.83;820.30;6.0;1.0;0;1.0;0;0;1.0;0;0;1.0;0;0;1.0;1.0;0;0;0;0;0
708185;0.90;1.00;58.0;2465.0;20.25;78.75;11.25;0;9.38;14.48;277.69;243.92;2.31;142112.0;58.0;58.0;31.0;4509.0;980.87;742.17;6.0;1.0;0;1.0;0;0;1.0;0;0;1.0;0;0;1.0;1.0;0;0;0;0;0
708706;0.88;1.00;57.0;2430.0;20.25;78.75;11.25;0;9.35;14.48;189.20;156.00;2.31;142112.0;58.0;58.0;28.0;4493.0;981.06;214.84;6.0;1.0;0;1.0;0;0;1.0;0;0;1.0;0;0;1.0;1.0;0;0;0;0;0
709221;0.92;1.00;57.0;2421.0;20.25;79.5;10.5;0;9.35;14.39;129.65;124.62;2.31;142112.0;58.0;57.0;28.0;4513.0;981.22;19.53;6.0;1.0;0;1.0;0;0;1.0;0;0;1.0;0;0;1.0;1.0;0;0;0;0;0
709739;0.87;1.00;57.0;2449.0;20.25;79.5;12.0;0;9.34;14.39;137.27;81.71;2.31;142112.0;57.0;57.0;29.0;4514.0;981.34;0;6.0;1.0;0;1.0;0;0;1.0;0;0;1.0;0;0;1.0;1.0;0;0;0;0;0
710254;0.84;1.00;56.0;2402.0;20.25;79.5;13.5;0;9.28;14.48;121.51;54.80;2.31;142112.0;57.0;57.0;26.0;4517.0;981.45;19.53;6.0;1.0;0;1.0;0;0;1.0;0;0;1.0;0;0;1.0;1.0;0;0;0;0;0
710772;0.88;1.00;56.0;2426.0;20.25;79.5;12.0;0;9.29;14.39;199.40;42.20;2.31;142112.0;57.0;57.0;28.0;4517.0;981.49;19.53;6.0;1.0;0;1.0;0;0;1.0;0;0;1.0;0;0;1.0;1.0;0;0;0;0;0
711289;0.89;1.00;57.0;2440.0;20.25;79.5;12.0;0;9.31;14.39;219.81;42.90;2.31;142112.0;57.0;57.0;28.0;4509.0;981.53;19.53;6.0;1.0;0;1.0;0;0;1.0;0;0;1.0;0;0;1.0;1.0;0;0;0;0;0
711807;0.93;1.00;56.0;2416.0;20.25;79.5;12.0;0;9.33;14.39;139.97;95.32;2.31;142112.0;56.0;57.0;28.0;4516.0;981.53;39.06;6.0;1.0;0;1.0;0;0;1.0;0;0;1.0;0;0;1.0;1.0;0;0;0;0;0
712324;1.41;1.00;56.0;2414.0;20.25;79.5;24.0;1.56;9.48;14.29;82.61;74.38;2.58;142112.0;56.0;57.0;33.0;4510.0;981.57;898.42;6.0;1.0;0;1.0;0;0;1.0;0;0;1.0;0;0;1.0;1.0;0;0;0;0;0
712840;1.39;0.99;57.0;2434.0;20.25;79.5;24.75;1.56;9.41;14.29;48.72;43.84;2.58;142112.0;57.0;57.0;33.0;4531.0;981.57;898.42;6.0;1.0;0;1.0;0;0;1.0;0;0;1.0;0;0;1.0;1.0;0;0;0;0;0
713359;1.40;0.97;57.0;2449.0;20.25;79.5;24.75;1.56;9.67;14.48;25.79;23.20;2.31;142112.0;57.0;57.0;33.0;4512.0;981.61;878.89;6.0;1.0;0;1.0;0;0;1.0;0;0;1.0;0;0;1.0;1.0;0;0;0;0;0
713876;1.54;0.96;57.0;2430.0;20.25;79.5;25.5;1.96;10.96;14.48;14.37;13.63;2.31;142112.0;58.0;58.0;33.0;4503.0;981.61;859.36;6.0;1.0;0;1.0;0;0;1.0;0;0;1.0;0;0;1.0;1.0;0;0;0;0;0
714393;1.50;0.94;58.0;2513.0;20.25;79.5;25.5;1.96;10.86;14.48;8.41;7.55;2.31;142112.0;59.0;59.0;33.0;4506.0;981.61;859.36;6.0;1.0;0;1.0;0;0;1.0;0;0;1.0;0;0;1.0;1.0;0;0;0;0;0
714909;1.47;0.92;58.0;2517.0;20.25;79.5;26.25;2.35;10.85;14.39;4.64;4.39;2.31;142112.0;59.0;59.0;33.0;4505.0;981.61;859.36;6.0;1.0;0;1.0;0;0;1.0;0;0;1.0;0;0;1.0;1.0;0;0;0;0;0
715427;1.40;0.91;60.0;2550.0;20.25;79.5;26.25;1.96;10.52;14.48;2.67;3.74;2.31;142112.0;60.0;60.0;33.0;4488.0;981.61;839.83;6.0;1.0;0;1.0;0;0;1.0;0;0;0;0;0;1.0;1.0;0;0;0;0;0
715945;1.38;0.89;61.0;2614.0;20.25;79.5;27.0;2.74;10.94;14.48;1.26;3.71;2.31;142112.0;61.0;61.0;33.0;4486.0;981.69;820.30;6.0;1.0;0;1.0;0;0;1.0;0;0;0;0;0;1.0;1.0;0;0;0;0;0
716460;1.36;0.87;62.0;2644.0;20.25;79.5;27.75;2.74;11.14;14.39;2.01;4.00;2.31;142112.0;61.0;62.0;33.0;4507.0;981.80;781.24;6.0;1.0;0;1.0;0;0;1.0;0;0;0;0;0;1.0;1.0;0;0;0;0;0
716979;1.16;0.86;62.0;2704.0;20.25;79.5;28.5;2.35;9.75;14.48;1.05;4.15;2.31;142112.0;63.0;63.0;33.0;4512.0;981.92;800.77;6.0;1.0;0;1.0;0;0;1.0;0;0;0;0;0;1.0;1.0;0;0;0;0;0
717496;1.12;0.84;62.0;2674.0;20.25;80.25;28.5;2.35;9.34;14.39;0.50;2.24;2.31;142112.0;62.0;63.0;33.0;4511.0;982.04;781.24;6.0;1.0;0;1.0;0;0;1.0;0;0;0;0;0;1.0;1.0;0;0;0;0;0
718012;1.05;0.83;63.0;2696.0;20.25;80.25;29.25;1.96;9.09;14.48;1.60;1.11;2.31;142112.0;62.0;64.0;33.0;4511.0;982.20;781.24;6.0;1.0;0;1.0;0;0;1.0;0;0;0;0;0;1.0;1.0;0;0;0;0;0
718530;1.22;0.81;63.0;2731.0;20.25;80.25;30.0;2.74;10.35;14.39;0.82;0.54;2.31;142112.0;64.0;64.0;33.0;4509.0;982.20;761.70;6.0;1.0;0;1.0;0;0;1.0;0;0;0;0;0;1.0;1.0;0;0;0;0;0
719046;1.43;0.80;63.0;2734.0;20.25;80.25;30.0;3.52;13.12;14.39;0.29;0.17;2.31;142112.0;63.0;64.0;33.0;4512.0;982.35;19.53;6.0;1.0;0;1.0;0;0;1.0;0;0;0;0;0;1.0;1.0;0;0;0;0;0
719566;1.22;0.81;65.0;2755.0;20.25;80.25;30.0;2.74;10.87;14.39;0.07;0;2.31;142112.0;65.0;65.0;33.0;4512.0;982.51;78.12;6.0;1.0;0;1.0;0;0;1.0;0;0;0;0;0;1.0;1.0;0;0;0;0;0
720082;1.2;0.82;66.0;2807.0;20.25;80.25;31.5;2.74;10.48;14.39;0;0;2.31;142112.0;65.0;66.0;33.0;4519.0;982.62;781.24;6.0;1.0;0;1.0;0;0;1.0;0;0;0;0;0;1.0;1.0;0;0;0;0;0
720609;1.36;0.80;66.0;2983.0;20.25;80.25;33.75;3.92;12.41;14.48;1.85;0;2.31;142112.0;67.0;67.0;33.0;4510.0;982.70;19.53;6.0;1.0;0;1.0;0;0;1.0;0;0;0;0;0;1.0;1.0;0;0;0;0;0
721117;0.79;1.00;67.0;2857.0;20.25;80.25;18.0;0.39;9.47;14.39;0.95;0;2.31;142112.0;67.0;67.0;33.0;4528.0;982.74;0;6.0;1.0;0;1.0;0;0;1.0;0;0;0;0;0;1.0;1.0;0;0;0;0;0
721634;2.07;0.99;68.0;2927.0;20.25;80.25;30.75;4.70;14.56;14.48;0.41;1.23;2.31;142112.0;68.0;68.0;33.0;4472.0;982.78;859.36;6.0;1.0;0;1.0;0;0;1.0;0;0;0;0;0;1.0;1.0;0;0;0;0;0
722150;2.96;0.99;70.0;2994.0;20.25;80.25;34.5;8.62;21.52;14.39;1.42;0.44;2.31;142112.0;70.0;71.0;33.0;4495.0;982.82;839.83;6.0;1.0;0;1.0;0;0;1.0;0;0;0;0;0;1.0;1.0;0;0;0;0;0
722669;2.75;0.95;73.0;3112.0;20.25;80.25;33.75;8.62;21.70;14.48;0.62;2.26;2.31;142112.0;72.0;73.0;33.0;4515.0;982.82;820.30;6.0;1.0;0;1.0;0;0;1.0;0;0;0;0;0;1.0;1.0;0;0;0;0;0
723185;2.29;0.90;75.0;3182.0;20.25;80.25;36.0;7.05;19.04;14.39;0.23;3.16;2.31;142112.0;74.0;75.0;33.0;4534.0;982.82;800.77;6.0;1.0;0;1.0;0;0;1.0;0;0;0;0;0;1.0;1.0;0;0;0;0;0
723703;2.05;0.86;77.0;3284.0;20.25;80.25;38.25;6.27;18.21;14.48;0;3.10;2.31;142112.0;76.0;77.0;33.0;4534.0;982.82;800.77;6.0;1.0;0;1.0;0;0;1.0;0;0;0;0;0;1.0;1.0;0;0;0;0;0
724220;0.80;1.00;77.0;3103.0;20.25;80.25;35.25;0.78;5.77;14.39;0;3.49;2.31;142112.0;77.0;77.0;33.0;4549.0;982.94;800.77;6.0;1.0;0;1.0;0;0;1.0;0;0;0;0;0;1.0;1.0;0;0;0;0;0
724736;0.64;1.00;76.0;3267.0;20.25;80.25;-30.0;0;0;14.48;0;1.40;2.31;142112.0;76.0;77.0;33.0;4546.0;983.05;19.53;6.0;1.0;0;1.0;0;0;1.0;0;0;0;0;0;1.0;1.0;0;0;0;0;0
725255;0.64;1.00;76.0;3242.0;20.25;80.25;-30.0;0;0;14.48;1.56;0.62;2.31;142112.0;76.0;76.0;33.0;4546.0;983.09;0;6.0;1.0;0;1.0;0;0;1.0;0;0;0;0;0;1.0;1.0;0;0;0;0;0
725775;0.64;1.00;75.0;3203.0;20.25;80.25;-30.0;0;0;14.39;0.68;0.21;2.31;142112.0;75.0;75.0;33.0;4547.0;983.09;0;6.0;1.0;0;1.0;0;0;1.0;0;0;0;0;0;1.0;1.0;0;0;0;0;0
726291;0.68;1.00;72.0;3064.0;20.25;80.25;-30.0;0;0;14.48;0.27;0;2.31;142112.0;72.0;72.0;33.0;4558.0;983.13;0;6.0;1.0;0;1.0;0;0;1.0;0;0;0;0;0;1.0;1.0;0;0;0;0;0
726808;0.70;1.00;68.0;2946.0;20.25;80.25;-30.0;0;0;14.48;1.93;2.20;2.31;142112.0;69.0;69.0;33.0;4593.0;983.41;0;6.0;1.0;0;1.0;0;0;1.0;0;0;0;0;0;1.0;1.0;0;0;0;0;0
727325;0.71;1.00;67.0;2883.0;20.25;80.25;-30.0;0;0;14.48;0.93;1.01;2.31;142112.0;67.0;67.0;33.0;4606.0;983.60;0;6.0;1.0;0;1.0;0;0;1.0;0;0;0;0;0;1.0;1.0;0;0;0;0;0
727841;0.72;1.00;66.0;2800.0;20.25;80.25;-30.0;0;0;14.48;0.33;2.28;2.31;142112.0;66.0;66.0;33.0;4598.0;983.72;0;6.0;1.0;0;1.0;0;0;1.0;0;0;0;0;0;1.0;1.0;0;0;0;0;0
728358;0.76;1.00;65.0;2761.0;20.25;80.25;-30.0;0;0;14.48;0.09;2.71;2.31;142112.0;65.0;65.0;33.0;4608.0;983.84;19.53;6.0;1.0;0;1.0;0;0;1.0;0;0;0;0;0;1.0;1.0;0;0;0;0;0
728877;0.74;1.00;65.0;2748.0;20.25;80.25;-30.0;0;0;14.48;0;1.34;2.31;142112.0;65.0;65.0;33.0;4610.0;983.91;19.53;6.0;1.0;0;1.0;0;0;1.0;0;0;0;0;0;1.0;1.0;0;0;0;0;0
729394;0.73;1.00;65.0;2760.0;20.25;80.25;-30.0;0;0;14.48;0;2.18;2.31;142112.0;64.0;65.0;33.0;4606.0;983.99;19.53;6.0;1.0;0;1.0;0;0;1.0;0;0;0;0;0;1.0;1.0;0;0;0;0;0
729914;3.07;1.00;65.0;2842.0;20.25;80.25;-5.25;7.45;10.09;14.48;1.46;2.96;2.31;142112.0;64.0;65.0;33.0;4201.0;984.03;917.95;6.0;1.0;0;1.0;0;0;1.0;0;0;0;0;0;1.0;1.0;0;0;0;0;0
730429;2.85;0.98;66.0;2777.0;20.25;80.25;10.5;7.45;16.37;14.48;0.60;2.63;2.31;142112.0;65.0;66.0;33.0;4238.0;984.03;898.42;6.0;1.0;0;1.0;0;0;1.0;0;0;0;0;0;1.0;1.0;0;0;0;0;0
730947;2.64;0.94;67.0;2867.0;20.25;80.25;27.0;7.45;19.77;14.48;0.25;1.40;2.31;142112.0;67.0;68.0;33.0;4379.0;984.07;878.89;6.0;1.0;0;1.0;0;0;1.0;0;0;0;0;0;1.0;1.0;0;0;0;0;0
731464;2.31;0.90;68.0;2941.0;20.25;80.25;33.75;6.66;19.08;14.39;0.01;0.66;2.31;142112.0;69.0;69.0;33.0;4473.0;984.07;859.36;6.0;1.0;0;1.0;0;0;1.0;0;0;0;0;0;1.0;1.0;0;0;0;0;0
731982;2.09;0.86;71.0;3032.0;20.25;80.25;34.5;6.27;18.24;14.48;0;0.27;2.31;142112.0;70.0;71.0;33.0;4508.0;984.07;820.30;6.0;1.0;0;1.0;0;0;1.0;0;0;0;0;0;1.0;1.0;0;0;0;0;0
732498;1.89;0.82;72.0;3091.0;20.25;80.25;35.25;5.88;17.09;14.48;1.85;0.01;2.31;142112.0;71.0;73.0;33.0;4518.0;984.11;761.70;6.0;1.0;0;1.0;0;0;1.0;0;0;0;0;0;1.0;1.0;0;0;0;0;0
733015;1.56;0.79;73.0;3125.0;20.25;80.25;36.0;4.70;14.60;14.48;0.83;0;2.31;142112.0;72.0;74.0;33.0;4516.0;984.30;722.64;6.0;1.0;0;1.0;0;0;1.0;0;0;0;0;0;1.0;1.0;0;0;0;0;0
733533;0.91;0.77;73.0;3113.0;20.25;80.25;36.0;2.35;9.14;14.48;1.32;0;2.31;142112.0;73.0;74.0;33.0;4532.0;984.46;781.24;6.0;1.0;0;1.0;0;0;1.0;0;0;0;0;0;1.0;1.0;0;0;0;0;0
734050;0.81;0.76;73.0;3129.0;20.25;80.25;36.0;1.56;7.36;14.48;2.69;0;2.31;142112.0;73.0;74.0;33.0;4524.0;984.62;820.30;6.0;1.0;0;1.0;0;0;1.0;0;0;0;0;0;1.0;1.0;0;0;0;0;0
734570;0.70;0.74;73.0;3127.0;20.25;80.25;35.25;1.17;6.42;14.48;3.37;0;2.31;142112.0;72.0;73.0;33.0;4523.0;984.77;234.37;6.0;1.0;0;1.0;0;0;1.0;0;0;0;0;0;1.0;1.0;0;0;0;0;0
735086;0.65;0.75;73.0;3109.0;20.25;80.25;36.0;0.39;7.72;14.48;1.69;0;2.31;142112.0;73.0;73.0;33.0;4519.0;984.93;0;6.0;1.0;0;1.0;0;0;1.0;0;0;0;0;0;1.0;1.0;0;0;0;0;0
735603;0.71;1.00;72.0;3106.0;20.25;80.25;-30.0;0;0;14.39;0.76;1.15;2.31;142112.0;72.0;72.0;33.0;4532.0;985.05;0;6.0;1.0;0;1.0;0;0;1.0;0;0;0;0;0;1.0;1.0;0;0;0;0;0
736121;0.69;1.00;71.0;3058.0;20.25;80.25;-30.0;0;0;14.48;2.16;2.10;2.31;142112.0;71.0;71.0;33.0;4552.0;985.12;0;6.0;1.0;0;1.0;0;0;1.0;0;0;0;0;0;1.0;1.0;0;0;0;0;0
736638;0.70;1.00;71.0;3017.0;20.25;80.25;-30.0;0;0;14.48;0.93;0.85;2.31;142113.0;70.0;71.0;33.0;4560.0;985.20;0;6.0;1.0;0;1.0;0;0;1.0;0;0;0;0;0;1.0;1.0;0;0;0;0;0
737157;1.00;1.00;70.0;2964.0;20.25;80.25;33.75;1.17;6.78;14.48;0.35;0.35;2.31;142113.0;70.0;70.0;33.0;4196.0;985.24;312.49;6.0;1.0;0;1.0;0;0;1.0;0;0;0;0;0;1.0;1.0;0;0;0;0;0
737673;1.14;1.00;70.0;2980.0;20.25;80.25;33.75;1.56;7.94;14.39;0.11;2.34;2.31;142113.0;70.0;70.0;33.0;4267.0;985.24;898.42;6.0;1.0;0;1.0;0;0;1.0;0;0;0;0;0;1.0;1.0;0;0;0;0;0
738190;1.12;0.99;70.0;2960.0;20.25;80.25;33.75;1.96;7.99;14.48;0;1.07;2.31;142113.0;69.0;70.0;33.0;4406.0;985.28;898.42;6.0;1.0;0;1.0;0;0;1.0;0;0;0;0;0;1.0;1.0;0;0;0;0;0
738708;1.08;0.97;70.0;2966.0;20.25;80.25;33.75;1.96;7.98;14.48;0;0.48;2.31;142113.0;69.0;70.0;33.0;4474.0;985.28;878.89;6.0;1.0;0;1.0;0;0;1.0;0;0;0;0;0;1.0;1.0;0;0;0;0;0
739226;1.06;0.96;70.0;2968.0;20.25;80.25;33.75;1.96;7.97;14.48;0;0.13;2.31;142113.0;68.0;70.0;33.0;4503.0;985.28;859.36;6.0;1.0;0;1.0;0;0;1.0;0;0;0;0;0;1.0;1.0;0;0;0;0;0
739743;1.04;0.94;70.0;2955.0;20.25;80.25;33.75;1.96;8.01;14.39;0;2.20;2.31;142113.0;69.0;70.0;33.0;4514.0;985.40;839.83;6.0;1.0;0;1.0;0;0;1.0;0;0;0;0;0;1.0;1.0;0;0;0;0;0
740261;1.02;0.93;70.0;2964.0;20.25;80.25;33.75;1.96;7.98;14.20;1.23;1.01;2.58;142113.0;69.0;70.0;33.0;4532.0;985.52;839.83;6.0;1.0;0;1.0;0;0;1.0;0;0;0;0;0;1.0;1.0;0;0;0;0;0
740778;1.02;0.91;70.0;2936.0;20.25;80.25;33.0;1.96;8.06;14.39;0.52;0.44;2.31;142113.0;69.0;70.0;33.0;4510.0;985.59;820.30;6.0;1.0;0;1.0;0;0;1.0;0;0;0;0;0;1.0;1.0;0;0;0;0;0
741295;1.0;0.89;70.0;2943.0;20.25;80.25;33.0;1.96;7.95;14.48;2.10;4.10;2.31;142113.0;69.0;70.0;33.0;4511.0;985.83;820.30;6.0;1.0;0;1.0;0;0;1.0;0;0;0;0;0;1.0;1.0;0;0;0;0;0
741815;0.99;0.88;68.0;2960.0;20.25;80.25;33.75;1.96;7.99;14.48;1.03;2.08;2.31;142113.0;68.0;69.0;33.0;4510.0;985.98;800.77;6.0;1.0;0;1.0;0;0;1.0;0;0;0;0;0;1.0;1.0;0;0;0;0;0
742331;0.97;0.86;68.0;2942.0;20.25;80.25;33.0;1.96;7.96;14.20;2.26;0.89;2.58;142113.0;69.0;69.0;33.0;4529.0;986.02;781.24;6.0;1.0;0;1.0;0;0;1.0;0;0;0;0;0;1.0;1.0;0;0;0;0;0
742849;0.96;0.85;68.0;2906.0;20.25;80.25;32.25;1.96;8.06;14.48;1.11;0.35;2.31;142113.0;69.0;69.0;33.0;4508.0;986.10;781.24;6.0;1.0;0;1.0;0;0;1.0;0;0;0;0;0;1.0;1.0;0;0;0;0;0
743366;0.98;0.83;68.0;2932.0;20.25;80.25;33.0;1.96;8.32;14.48;0.50;1.58;2.31;142113.0;68.0;69.0;33.0;4525.0;986.26;781.24;6.0;1.0;0;1.0;0;0;1.0;0;0;0;0;0;1.0;1.0;0;0;0;0;0
743883;0.94;0.81;67.0;2879.0;20.25;80.25;32.25;1.96;8.14;14.48;0.19;0.74;2.31;142113.0;67.0;68.0;33.0;4512.0;986.34;644.52;6.0;1.0;0;1.0;0;0;1.0;0;0;0;0;0;1.0;1.0;0;0;0;0;0
744400;0.91;0.82;67.0;2870.0;20.25;80.25;32.25;1.56;7.92;14.39;2.20;0.31;2.31;142113.0;68.0;67.0;33.0;4516.0;986.41;156.24;6.0;1.0;0;1.0;0;0;1.0;0;0;0;0;0;1.0;1.0;0;0;0;0;0
744929;0.86;0.82;67.0;2886.0;20.25;80.25;31.5;1.56;7.15;14.39;0.89;0.03;2.31;142113.0;67.0;67.0;33.0;4513.0;986.45;507.80;6.0;1.0;0;1.0;0;0;1.0;0;0;0;0;0;1.0;1.0;0;0;0;0;0
745436;0.86;0.82;66.0;2810.0;20.25;80.25;31.5;1.17;7.16;14.48;0.37;0;2.31;142113.0;66.0;67.0;33.0;4519.0;986.49;605.46;6.0;1.0;0;1.0;0;0;1.0;0;0;0;0;0;1.0;1.0;0;0;0;0;0
745978;0.84;0.81;66.0;2842.0;20.25;79.5;31.5;1.17;7.00;14.48;1.69;0;2.31;142113.0;67.0;67.0;33.0;4517.0;986.53;644.52;6.0;1.0;0;1.0;0;0;1.0;0;0;0;0;0;1.0;1.0;0;0;0;0;0
746589;0.84;0.80;66.0;2828.0;20.25;79.5;31.5;1.17;7.04;14.48;0.66;0;2.31;142113.0;66.0;67.0;33.0;4512.0;986.53;664.05;6.0;1.0;0;1.0;0;0;1.0;0;0;0;0;0;1.0;1.0;0;0;0;0;0
747108;0.84;0.78;66.0;2846.0;20.25;79.5;30.75;1.56;7.24;14.48;2.51;0;2.31;142113.0;67.0;67.0;33.0;4510.0;986.61;19.53;6.0;1.0;0;1.0;0;0;1.0;0;0;0;0;0;1.0;1.0;0;0;0;0;0
747626;0.88;0.80;66.0;2805.0;20.25;79.5;30.75;1.56;7.69;14.48;1.11;1.66;2.31;142113.0;66.0;67.0;33.0;4509.0;986.61;0;6.0;1.0;0;1.0;0;0;1.0;0;0;0;0;0;1.0;1.0;0;0;0;0;0
748143;0.89;0.81;66.0;2831.0;20.25;79.5;32.25;1.56;7.78;14.39;2.73;2.10;2.31;142113.0;67.0;67.0;33.0;4515.0;986.69;781.24;6.0;1.0;0;1.0;0;0;1.0;0;0;0;0;0;1.0;1.0;0;0;0;0;0
748660;0.92;0.80;66.0;2835.0;20.25;79.5;30.75;1.56;7.85;14.39;1.34;1.03;2.31;142113.0;66.0;66.0;33.0;4510.0;986.80;292.96;6.0;1.0;0;1.0;0;0;1.0;0;0;0;0;0;1.0;1.0;0;0;0;0;0
749177;1.16;0.81;66.0;2802.0;20.25;79.5;31.5;2.74;10.23;14.20;0.62;2.73;2.58;142113.0;66.0;67.0;33.0;4510.0;987.04;683.58;6.0;1.0;0;1.0;0;0;1.0;0;0;0;0;0;1.0;1.0;0;0;0;0;0
749695;1.11;0.80;67.0;2874.0;20.25;79.5;32.25;2.74;10.23;14.48;0.25;1.34;2.31;142113.0;67.0;67.0;33.0;4506.0;987.20;507.80;6.0;1.0;0;1.0;0;0;1.0;0;0;0;0;0;1.0;1.0;0;0;0;0;0
750213;1.16;0.80;67.0;2877.0;20.25;79.5;31.5;2.74;10.54;14.39;0;0.54;2.31;142113.0;67.0;68.0;33.0;4519.0;987.39;97.65;6.0;1.0;0;1.0;0;0;1.0;0;0;0;0;0;1.0;1.0;0;0;0;0;0
750732;1.2;0.82;68.0;2868.0;20.25;79.5;31.5;2.74;10.57;14.48;0;0.21;2.31;142113.0;68.0;69.0;33.0;4513.0;987.51;664.05;6.0;1.0;0;1.0;0;0;1.0;0;0;0;0;0;1.0;1.0;0;0;0;0;0
751251;1.17;0.80;68.0;2874.0;20.25;79.5;32.25;2.74;10.67;14.39;1.23;0;2.31;142113.0;68.0;69.0;33.0;4513.0;987.62;605.46;6.0;1.0;0;1.0;0;0;1.0;0;0;0;0;0;1.0;1.0;0;0;0;0;0
751767;1.14;0.78;68.0;2889.0;20.25;79.5;32.25;2.74;10.61;14.48;2.79;1.85;2.31;142113.0;69.0;69.0;33.0;4512.0;987.66;136.71;6.0;1.0;0;1.0;0;0;1.0;0;0;0;0;0;1.0;1.0;0;0;0;0;0
752285;1.09;0.80;70.0;2968.0;20.25;79.5;33.75;2.74;9.89;14.48;1.40;0.89;2.31;142113.0;69.0;70.0;33.0;4508.0;987.70;449.21;6.0;1.0;0;1.0;0;0;1.0;0;0;0;0;0;1.0;1.0;0;0;0;0;0
752802;1.08;0.80;70.0;2989.0;20.25;79.5;33.75;2.35;9.82;14.48;2.55;0.35;2.31;142113.0;71.0;70.0;33.0;4510.0;987.74;800.77;6.0;1.0;0;1.0;0;0;1.0;0;0;0;0;0;1.0;1.0;0;0;0;0;0
753319;0.90;0.79;71.0;2993.0;20.25;79.5;34.5;1.96;8.21;14.48;4.43;5.33;2.31;142113.0;71.0;71.0;33.0;4519.0;987.78;781.24;6.0;1.0;0;1.0;0;0;1.0;0;0;0;0;0;1.0;1.0;0;0;0;0;0
753838;0.72;1.00;71.0;2986.0;20.25;79.5;-30.0;0;0;14.48;5.27;4.04;2.31;142113.0;71.0;70.0;33.0;4554.0;987.94;19.53;6.0;1.0;0;1.0;0;0;1.0;0;0;0;0;0;1.0;1.0;0;0;0;0;0
754354;0.70;1.00;70.0;2958.0;20.25;79.5;-30.0;0;0;14.39;2.55;2.05;2.31;142113.0;70.0;70.0;33.0;4572.0;988.25;0;6.0;1.0;0;1.0;0;0;1.0;0;0;0;0;0;1.0;1.0;0;0;0;0;0
754878;0.70;1.00;70.0;2959.0;20.25;79.5;-30.0;0;0;14.58;2.57;0.93;2.31;142113.0;70.0;70.0;33.0;4578.0;988.41;0;6.0;1.0;0;1.0;0;0;1.0;0;0;0;0;0;1.0;1.0;0;0;0;0;0
755390;1.91;1.00;70.0;3034.0;20.25;79.5;9.0;4.31;8.72;14.39;1.19;0.39;2.31;142113.0;70.0;71.0;33.0;4178.0;988.52;859.36;6.0;1.0;0;1.0;0;0;1.0;0;0;0;0;0;1.0;1.0;0;0;0;0;0
755910;1.89;0.99;71.0;3030.0;20.25;80.25;17.25;4.31;10.94;14.48;0.42;0.07;2.31;142113.0;71.0;72.0;33.0;4272.0;988.68;859.36;6.0;1.0;0;1.0;0;0;1.0;0;0;0;0;0;1.0;1.0;0;0;0;0;0
756451;1.75;0.96;72.0;3084.0;20.25;80.25;24.75;4.31;11.88;14.48;0.15;0;2.31;142113.0;72.0;73.0;33.0;4410.0;988.80;839.83;6.0;1.0;0;1.0;0;0;1.0;0;0;0;0;0;1.0;1.0;0;0;0;0;0
757015;1.53;0.94;75.0;3148.0;20.25;80.25;33.75;3.92;11.67;14.48;0;3.12;2.31;142113.0;74.0;75.0;33.0;4487.0;988.87;820.30;6.0;1.0;0;1.0;0;0;1.0;0;0;0;0;0;1.0;1.0;0;0;0;0;0
757533;1.46;0.92;75.0;3161.0;20.25;80.25;36.75;3.52;11.65;14.48;0;1.48;2.31;142113.0;75.0;76.0;33.0;4515.0;988.91;800.77;6.0;1.0;0;1.0;0;0;1.0;0;0;0;0;0;1.0;1.0;0;0;0;0;0
758051;1.40;0.90;76.0;3244.0;20.25;80.25;37.5;3.52;11.42;14.39;0;0.66;2.31;142113.0;76.0;77.0;33.0;4524.0;988.95;800.77;6.0;1.0;0;1.0;0;0;1.0;0;0;0;0;0;1.0;1.0;0;0;0;0;0
758568;1.29;0.88;78.0;3293.0;20.25;80.25;37.5;3.52;10.72;14.48;1.85;0.23;2.31;142113.0;77.0;78.0;33.0;4522.0;989.11;781.24;6.0;1.0;0;1.0;0;0;1.0;0;0;0;0;0;1.0;1.0;0;0;0;0;0
759086;0.99;0.87;78.0;3325.0;20.25;80.25;37.5;2.35;8.08;14.39;2.42;3.30;2.31;142113.0;78.0;79.0;33.0;4524.0;989.34;800.77;6.0;1.0;0;1.0;0;0;1.0;0;0;0;0;0;1.0;1.0;0;0;0;0;0
759603;0.84;0.85;78.0;3321.0;20.25;80.25;38.25;1.56;6.82;14.48;2.03;1.32;2.31;142113.0;79.0;79.0;33.0;4522.0;989.34;800.77;6.0;1.0;0;1.0;0;0;1.0;0;0;0;0;0;1.0;1.0;0;0;0;0;0
760122;0.95;0.84;78.0;3373.0;20.25;80.25;38.25;2.35;7.97;14.39;2.03;2.14;2.31;142113.0;78.0;79.0;33.0;4509.0;989.54;781.24;6.0;1.0;0;1.0;0;0;1.0;0;0;0;0;0;1.0;1.0;0;0;0;0;0
760688;1.04;0.82;78.0;3371.0;20.25;80.25;39.0;2.74;9.08;14.48;0.87;2.55;2.31;142113.0;79.0;79.0;33.0;4511.0;989.77;761.70;6.0;1.0;0;1.0;0;0;1.0;0;0;0;0;0;1.0;1.0;0;0;0;0;0
761203;1.05;0.80;80.0;3410.0;20.25;80.25;39.0;2.74;9.32;14.48;0.25;0.99;2.31;142113.0;79.0;80.0;33.0;4507.0;989.93;761.70;6.0;1.0;0;1.0;0;0;1.0;0;0;0;0;0;1.0;1.0;0;0;0;0;0
761723;1.06;0.79;80.0;3375.0;20.25;80.25;39.0;3.13;9.75;14.48;0;0.35;2.31;142113.0;79.0;80.0;33.0;4512.0;990.05;722.64;6.0;1.0;0;1.0;0;0;1.0;0;0;0;0;0;1.0;1.0;0;0;0;0;0
762239;1.04;0.77;78.0;3376.0;20.25;80.25;39.0;3.13;9.74;14.29;0;0.07;2.58;142113.0;79.0;79.0;33.0;4507.0;990.12;703.11;6.0;1.0;0;1.0;0;0;1.0;0;0;0;0;0;1.0;1.0;0;0;0;0;0
762758;1.02;0.76;80.0;3329.0;20.25;80.25;38.25;3.13;9.78;14.48;0;0;2.31;142113.0;79.0;80.0;33.0;4514.0;990.16;624.99;6.0;1.0;0;1.0;0;0;1.0;0;0;0;0;0;1.0;1.0;0;0;0;0;0
763275;1.00;0.75;78.0;3419.0;20.25;80.25;39.0;3.13;9.56;14.48;0;1.30;2.31;142113.0;79.0;79.0;33.0;4512.0;990.20;136.71;6.0;1.0;0;1.0;0;0;1.0;0;0;0;0;0;1.0;1.0;0;0;0;0;0
763792;1.16;0.77;78.0;3347.0;20.25;80.25;38.25;3.52;11.05;14.48;0;0.52;2.31;142113.0;78.0;79.0;33.0;4501.0;990.20;0;6.0;1.0;0;1.0;0;0;1.0;0;0;0;0;0;1.0;1.0;0;0;0;0;0
764309;1.20;0.79;78.0;3425.0;20.25;80.25;39.0;3.92;11.13;14.39;0;1.26;2.31;142113.0;79.0;79.0;33.0;4500.0;990.24;19.53;6.0;1.0;0;1.0;0;0;1.0;0;0;0;0;0;1.0;1.0;0;0;0;0;0
764829;1.32;0.80;78.0;3288.0;20.25;80.25;39.0;3.92;11.60;14.39;0;1.69;2.31;142113.0;79.0;79.0;33.0;4507.0;990.32;683.58;6.0;1.0;0;1.0;0;0;1.0;0;0;0;0;0;1.0;1.0;0;0;0;0;0
765345;1.24;0.80;80.0;3349.0;20.25;80.25;39.0;3.92;11.44;14.48;0;1.89;2.31;142113.0;79.0;80.0;33.0;4507.0;990.40;761.70;6.0;1.0;0;1.0;0;0;1.0;0;0;0;0;0;1.0;1.0;0;0;0;0;0
765864;1.19;0.78;78.0;3372.0;20.25;80.25;38.25;3.52;11.02;14.39;0;2.01;2.31;142113.0;79.0;79.0;33.0;4514.0;990.52;664.05;6.0;1.0;0;1.0;0;0;1.0;0;0;0;0;0;0;1.0;0;0;0;0;0
766381;1.12;0.76;80.0;3306.0;20.25;80.25;38.25;3.52;10.63;14.48;1.75;0.87;2.31;142113.0;79.0;80.0;33.0;4521.0;990.75;410.15;6.0;1.0;0;1.0;0;0;1.0;0;0;0;0;0;1.0;1.0;0;0;0;0;0
766899;1.07;0.76;80.0;3320.0;20.25;80.25;38.25;3.13;10.13;14.39;2.26;0.25;2.31;142113.0;80.0;80.0;33.0;4517.0;990.75;605.46;6.0;1.0;0;1.0;0;0;1.0;0;0;0;0;0;1.0;1.0;0;0;0;0;0
767416;1.00;0.75;80.0;3429.0;20.25;80.25;39.75;3.13;9.50;14.48;0.93;0;2.31;142113.0;79.0;80.0;33.0;4508.0;990.91;78.12;6.0;1.0;0;1.0;0;0;1.0;0;0;0;0;0;1.0;1.0;0;0;0;0;0
767935;0.96;0.77;80.0;3389.0;20.25;80.25;39.0;2.74;9.11;14.39;0.33;0;2.31;142113.0;79.0;80.0;33.0;4514.0;991.02;175.77;6.0;1.0;0;1.0;0;0;1.0;0;0;0;0;0;1.0;1.0;0;0;0;0;0
768451;1.00;0.77;80.0;3348.0;20.25;80.25;39.0;2.74;9.32;14.48;1.87;0;2.31;142113.0;79.0;80.0;33.0;4515.0;991.18;761.70;6.0;1.0;0;1.0;0;0;1.0;0;0;0;0;0;1.0;1.0;0;0;0;0;0
768970;0.94;0.76;80.0;3385.0;20.25;80.25;39.0;2.35;8.63;14.29;2.57;0;2.58;142113.0;79.0;80.0;33.0;4515.0;991.26;605.46;6.0;1.0;0;1.0;0;0;1.0;0;0;0;0;0;1.0;1.0;0;0;0;0;0
769487;0.86;0.74;78.0;3361.0;20.25;80.25;38.25;2.35;8.04;14.48;2.90;0;2.31;142113.0;79.0;79.0;33.0;4512.0;991.34;390.62;6.0;1.0;0;1.0;0;0;1.0;0;0;0;0;0;1.0;1.0;0;0;0;0;0
770005;0.88;0.75;78.0;3350.0;20.25;80.25;38.25;1.96;8.03;14.39;2.90;0;2.31;142113.0;78.0;79.0;33.0;4513.0;991.41;39.06;6.0;1.0;0;1.0;0;0;1.0;0;0;0;0;0;1.0;1.0;0;0;0;0;0
770529;0.86;0.76;78.0;3387.0;20.25;80.25;39.0;1.96;7.86;14.39;1.28;0;2.31;142113.0;79.0;79.0;33.0;4511.0;991.45;19.53;6.0;1.0;0;1.0;0;0;1.0;0;0;0;0;0;1.0;1.0;0;0;0;0;0
771040;0.89;0.78;77.0;3307.0;20.25;80.25;37.5;1.96;7.91;14.48;1.91;1.85;2.31;142113.0;78.0;78.0;33.0;4515.0;991.45;722.64;6.0;1.0;0;1.0;0;0;1.0;0;0;0;0;0;1.0;1.0;0;0;0;0;0
771558;0.92;0.77;77.0;3308.0;20.25;80.25;38.25;1.96;8.21;14.48;2.01;2.42;2.31;142113.0;78.0;78.0;33.0;4510.0;991.49;683.58;6.0;1.0;0;1.0;0;0;1.0;0;0;0;0;0;1.0;1.0;0;0;0;0;0
772076;0.86;0.76;77.0;3295.0;20.25;80.25;37.5;1.96;7.94;14.39;0.87;1.05;2.31;142113.0;78.0;78.0;33.0;4512.0;991.49;605.46;6.0;1.0;0;1.0;0;0;1.0;0;0;0;0;0;1.0;1.0;0;0;0;0;0
772595;1.01;0.76;77.0;3304.0;20.25;80.25;37.5;2.74;9.28;14.48;0.27;0.31;2.31;142113.0;77.0;78.0;33.0;4508.0;991.53;0;6.0;1.0;0;1.0;0;0;1.0;0;0;0;0;0;1.0;1.0;0;0;0;0;0
773112;1.22;0.78;77.0;3260.0;20.25;80.25;37.5;3.52;11.35;14.48;0;0.05;2.31;142113.0;77.0;78.0;33.0;4506.0;991.53;19.53;6.0;1.0;0;1.0;0;0;1.0;0;0;0;0;0;1.0;1.0;0;0;0;0;0
773631;1.32;0.80;77.0;3313.0;20.25;80.25;38.25;3.92;12.19;14.39;0;0;2.31;142113.0;77.0;78.0;33.0;4496.0;991.53;58.59;6.0;1.0;0;1.0;0;0;1.0;0;0;0;0;0;1.0;1.0;0;0;0;0;0
774148;1.33;0.82;78.0;3391.0;20.25;80.25;39.0;3.92;12.03;14.39;1.75;1.30;2.31;142113.0;78.0;79.0;33.0;4507.0;991.65;761.70;6.0;1.0;0;1.0;0;0;1.0;0;0;0;0;0;1.0;1.0;0;0;0;0;0
774666;1.32;0.81;80.0;3439.0;20.25;80.25;39.0;3.92;11.74;14.39;2.53;0.56;2.31;142113.0;79.0;80.0;33.0;4518.0;991.61;761.70;6.0;1.0;0;1.0;0;0;1.0;0;0;0;0;0;1.0;1.0;0;0;0;0;0
775183;1.54;0.79;80.0;3411.0;20.25;80.25;39.0;5.09;14.46;14.48;1.11;0.19;2.31;142113.0;79.0;81.0;33.0;4500.0;991.88;703.11;6.0;1.0;0;1.0;0;0;1.0;0;0;0;0;0;1.0;1.0;0;0;0;0;0
775700;1.55;0.76;81.0;3414.0;20.25;80.25;39.0;5.49;15.10;14.48;2.44;0;2.31;142113.0;80.0;81.0;33.0;4520.0;992.04;605.46;6.0;1.0;0;1.0;0;0;1.0;0;0;0;0;0;1.0;1.0;0;0;0;0;0
776217;1.70;0.75;82.0;3452.0;20.25;80.25;39.0;5.88;17.04;14.39;1.05;1.75;2.31;142113.0;80.0;82.0;33.0;4508.0;992.20;19.53;6.0;1.0;0;1.0;0;0;1.0;0;0;0;0;0;1.0;1.0;0;0;0;0;0
776740;1.78;0.79;82.0;3526.0;20.25;80.25;39.75;6.27;16.85;14.39;3.71;0.72;2.31;142113.0;82.0;83.0;33.0;4512.0;992.27;761.70;6.0;1.0;0;1.0;0;0;1.0;0;0;0;0;0;1.0;1.0;0;0;0;0;0
777255;1.70;0.77;83.0;3578.0;20.25;80.25;40.5;5.88;16.65;14.39;1.69;0.25;2.31;142113.0;82.0;84.0;33.0;4518.0;992.35;703.11;6.0;1.0;0;1.0;0;0;1.0;0;0;0;0;0;1.0;1.0;0;0;0;0;0
777772;1.60;0.73;83.0;3538.0;20.25;80.25;40.5;5.88;16.45;14.48;0.66;1.11;2.31;142113.0;82.0;84.0;33.0;4511.0;992.47;39.06;6.0;1.0;0;1.0;0;0;1.0;0;0;0;0;0;1.0;1.0;0;0;0;0;0
778290;1.67;0.77;83.0;3551.0;20.25;80.25;40.5;5.88;16.24;14.39;0.15;0.31;2.31;142113.0;83.0;84.0;33.0;4508.0;992.55;703.11;6.0;1.0;0;1.0;0;0;1.0;0;0;0;0;0;1.0;1.0;0;0;0;0;0
778808;1.52;0.77;85.0;3602.0;20.25;80.25;41.25;5.09;14.66;14.39;1.48;0.05;2.31;142113.0;84.0;85.0;33.0;4523.0;992.62;800.77;6.0;1.0;0;1.0;0;0;1.0;0;0;0;0;0;1.0;1.0;0;0;0;0;0
779326;1.02;0.75;83.0;3504.0;20.25;80.25;39.75;3.13;9.70;14.39;0.58;0;2.31;142113.0;83.0;84.0;33.0;4537.0;992.66;722.64;6.0;1.0;0;1.0;0;0;1.0;0;0;0;0;0;1.0;1.0;0;0;0;0;0
779891;1.0;0.75;82.0;3457.0;20.25;80.25;39.75;3.13;9.52;14.48;0.19;0;2.31;142113.0;82.0;83.0;33.0;4521.0;992.66;624.99;6.0;1.0;0;1.0;0;0;1.0;0;0;0;0;0;1.0;1.0;0;0;0;0;0
780408;0.96;0.75;82.0;3490.0;20.25;80.25;39.75;2.74;9.01;14.39;2.08;0;2.31;142113.0;82.0;82.0;33.0;4522.0;992.70;761.70;6.0;1.0;0;1.0;0;0;1.0;0;0;0;0;0;1.0;1.0;0;0;0;0;0
780926;0.82;0.74;81.0;3462.0;20.25;80.25;39.75;1.96;7.60;14.39;0.89;2.08;2.31;142113.0;81.0;82.0;33.0;4529.0;992.70;644.52;6.0;1.0;0;1.0;0;0;1.0;0;0;0;0;0;1.0;1.0;0;0;0;0;0
781443;0.8;0.73;80.0;3412.0;20.25;80.25;39.0;1.96;7.37;14.39;2.10;0.89;2.31;142113.0;80.0;81.0;33.0;4514.0;992.74;156.24;6.0;1.0;0;1.0;0;0;1.0;0;0;0;0;0;1.0;1.0;0;0;0;0;0
781962;1.10;0.74;80.0;3391.0;20.25;80.25;39.0;3.52;10.48;14.39;0.91;0.33;2.31;142113.0;80.0;80.0;33.0;4503.0;992.74;19.53;6.0;1.0;0;1.0;0;0;1.0;0;0;0;0;0;1.0;1.0;0;0;0;0;0
782482;1.16;0.76;80.0;3469.0;20.25;80.25;39.75;3.92;11.04;14.48;1.50;1.85;2.31;142113.0;79.0;80.0;33.0;4500.0;992.78;39.06;6.0;1.0;0;1.0;0;0;1.0;0;0;0;0;0;1.0;1.0;0;0;0;0;0
782998;1.22;0.78;80.0;3393.0;20.25;80.25;39.0;3.92;11.24;14.48;1.69;2.44;2.31;142113.0;79.0;80.0;33.0;4505.0;992.86;39.06;6.0;1.0;0;1.0;0;0;1.0;0;0;0;0;0;1.0;1.0;0;0;0;0;0
783516;1.21;0.80;80.0;3389.0;20.25;80.25;39.0;3.52;11.27;14.48;0.76;3.16;2.31;142113.0;80.0;80.0;33.0;4515.0;993.13;722.64;6.0;1.0;0;1.0;0;0;1.0;0;0;0;0;0;1.0;1.0;0;0;0;0;0
784035;1.21;0.79;78.0;3360.0;20.25;80.25;39.0;3.52;11.18;14.48;1.89;1.42;2.31;142113.0;79.0;79.0;33.0;4517.0;993.25;820.30;6.0;1.0;0;1.0;0;0;1.0;0;0;0;0;0;1.0;1.0;0;0;0;0;0
784551;1.2;0.78;78.0;3362.0;20.25;80.25;38.25;3.52;11.12;14.39;2.44;0.58;2.31;142114.0;78.0;79.0;33.0;4519.0;993.33;761.70;6.0;1.0;0;1.0;0;0;1.0;0;0;0;0;0;1.0;1.0;0;0;0;0;0
785071;1.17;0.76;78.0;3331.0;20.25;80.25;38.25;3.52;11.16;14.48;1.05;2.30;2.31;142114.0;78.0;79.0;33.0;4517.0;993.45;117.18;6.0;1.0;0;1.0;0;0;1.0;0;0;0;0;0;1.0;1.0;0;0;0;0;0
785588;1.27;0.78;78.0;3447.0;20.25;80.25;39.75;3.92;11.89;14.48;0.31;0.87;2.31;142114.0;78.0;79.0;33.0;4505.0;993.56;39.06;6.0;1.0;0;1.0;0;0;1.0;0;0;0;0;0;1.0;1.0;0;0;0;0;0
786107;1.38;0.80;78.0;3322.0;20.25;80.25;38.25;3.92;12.57;14.48;1.24;0.31;2.31;142114.0;78.0;79.0;33.0;4507.0;993.68;78.12;6.0;1.0;0;1.0;0;0;1.0;0;0;0;0;0;1.0;1.0;0;0;0;0;0
786624;1.31;0.81;78.0;3349.0;20.25;80.25;38.25;3.92;11.73;14.39;0.50;1.69;2.31;142114.0;78.0;79.0;33.0;4515.0;993.80;800.77;6.0;1.0;0;1.0;0;0;1.0;0;0;0;0;0;1.0;1.0;0;0;0;0;0
787141;1.24;0.79;78.0;3351.0;20.25;80.25;39.0;3.52;11.50;14.48;2.26;0.70;2.31;142114.0;78.0;79.0;33.0;4511.0;993.84;800.77;6.0;1.0;0;1.0;0;0;1.0;0;0;0;0;0;1.0;1.0;0;0;0;0;0
787660;1.19;0.78;78.0;3372.0;20.25;80.25;39.0;3.52;11.19;14.39;2.67;0.19;2.31;142114.0;79.0;79.0;33.0;4522.0;993.91;722.64;6.0;1.0;0;1.0;0;0;1.0;0;0;0;0;0;1.0;1.0;0;0;0;0;0
788181;1.14;0.76;80.0;3344.0;20.25;80.25;38.25;3.52;10.84;14.48;2.98;0;2.31;142114.0;79.0;80.0;33.0;4510.0;993.91;58.59;6.0;1.0;0;1.0;0;0;1.0;0;0;0;0;0;1.0;1.0;0;0;0;0;0
788697;1.13;0.78;80.0;3393.0;20.25;80.25;39.0;3.52;10.57;14.48;1.34;0;2.31;142114.0;79.0;80.0;33.0;4512.0;993.95;58.59;6.0;1.0;0;1.0;0;0;1.0;0;0;0;0;0;1.0;1.0;0;0;0;0;0
789213;1.16;0.80;80.0;3420.0;20.25;80.25;39.0;3.52;10.32;14.39;2.65;1.30;2.31;142114.0;79.0;80.0;33.0;4517.0;993.95;761.70;6.0;1.0;0;1.0;0;0;1.0;0;0;0;0;0;1.0;1.0;0;0;0;0;0
789741;1.15;0.79;80.0;3402.0;20.25;80.25;39.0;3.52;10.54;14.39;1.19;2.14;2.31;142114.0;80.0;80.0;33.0;4511.0;993.95;742.17;6.0;1.0;0;1.0;0;0;1.0;0;0;0;0;0;1.0;1.0;0;0;0;0;0
790249;1.10;0.77;81.0;3369.0;21.0;80.25;39.0;3.13;10.31;14.39;0.46;0.87;2.31;142114.0;80.0;81.0;33.0;4510.0;993.99;644.52;6.0;1.0;0;1.0;0;0;1.0;0;0;0;0;0;1.0;1.0;0;0;0;0;0
790768;1.07;0.75;81.0;3402.0;21.0;80.25;39.0;3.13;10.21;14.39;0.13;0.31;2.31;142114.0;81.0;82.0;33.0;4519.0;994.03;410.15;6.0;1.0;0;1.0;0;0;1.0;0;0;0;0;0;1.0;1.0;0;0;0;0;0
791285;0.78;0.76;82.0;3442.0;21.0;80.25;39.75;1.96;7.39;14.39;0;0;2.31;142114.0;81.0;82.0;33.0;4537.0;994.11;800.77;6.0;1.0;0;1.0;0;0;1.0;0;0;0;0;0;1.0;1.0;0;0;0;0;0
791807;0.64;1.00;81.0;3423.0;21.0;80.25;-30.0;0;0;14.48;0;0;2.31;142114.0;81.0;81.0;33.0;4537.0;994.23;117.18;6.0;1.0;0;1.0;0;0;1.0;0;0;0;0;0;1.0;1.0;0;0;0;0;0
792322;0.65;1.00;80.0;3386.0;21.0;80.25;-30.0;0;0;14.39;0;0;2.31;142114.0;80.0;80.0;33.0;4543.0;994.30;0;6.0;1.0;0;1.0;0;0;1.0;0;0;0;0;0;1.0;1.0;0;0;0;0;0
792840;0.65;1.00;78.0;3328.0;21.0;80.25;-30.0;0;0;14.48;0;0;2.31;142114.0;79.0;78.0;33.0;4532.0;994.46;0;6.0;1.0;0;1.0;0;0;1.0;0;0;0;0;0;1.0;1.0;0;0;0;0;0
793359;0.66;1.00;77.0;3291.0;21.0;80.25;-30.0;0;0;14.48;1.30;1.85;2.31;142114.0;77.0;77.0;33.0;4518.0;994.66;0;6.0;1.0;0;1.0;0;0;1.0;0;0;0;0;0;1.0;1.0;0;0;0;0;0
793877;0.65;1.00;76.0;3248.0;21.0;80.25;-30.0;0;0;14.58;1.50;2.03;2.31;142114.0;76.0;76.0;33.0;4514.0;994.85;19.53;6.0;1.0;0;1.0;0;0;1.0;0;0;0;0;0;1.0;1.0;0;0;0;0;0
794395;1.02;1.00;75.0;3217.0;21.0;80.25;36.75;0.39;5.51;14.48;4.10;0.93;2.31;142114.0;76.0;76.0;33.0;4368.0;994.97;19.53;6.0;1.0;0;1.0;0;0;1.0;0;0;0;0;0;1.0;1.0;0;0;0;0;0
794913;1.48;1.00;76.0;3234.0;21.0;80.25;37.5;2.74;9.76;14.48;1.97;0.33;2.31;142114.0;75.0;76.0;33.0;4202.0;995.01;917.95;6.0;1.0;0;1.0;0;0;1.0;0;0;0;0;0;1.0;1.0;0;0;0;0;0
795430;1.60;0.99;76.0;3242.0;21.0;80.25;37.5;3.52;11.47;14.48;2.94;0.07;2.31;142114.0;75.0;76.0;33.0;4324.0;995.09;898.42;6.0;1.0;0;1.0;0;0;1.0;0;0;0;0;0;1.0;1.0;0;0;0;0;0
795950;1.47;0.97;76.0;3256.0;21.0;80.25;37.5;3.52;10.79;14.48;1.40;0;2.31;142114.0;76.0;77.0;33.0;4448.0;995.12;878.89;6.0;1.0;0;1.0;0;0;1.0;0;0;0;0;0;1.0;1.0;0;0;0;0;0
796466;1.37;0.95;77.0;3242.0;21.0;80.25;37.5;3.13;10.93;14.39;0.58;1.66;2.31;142114.0;77.0;77.0;33.0;4501.0;995.12;859.36;6.0;1.0;0;1.0;0;0;1.0;0;0;0;0;0;1.0;1.0;0;0;0;0;0
796984;1.32;0.94;77.0;3235.0;21.0;80.25;37.5;3.13;10.34;14.48;0.15;0.56;2.31;142114.0;77.0;78.0;33.0;4523.0;995.16;859.36;6.0;1.0;0;1.0;0;0;1.0;0;0;0;0;0;1.0;1.0;0;0;0;0;0
797503;1.25;0.92;77.0;3299.0;21.0;80.25;38.25;3.13;9.91;14.48;0;0.21;2.31;142114.0;78.0;78.0;33.0;4506.0;995.16;839.83;6.0;1.0;0;1.0;0;0;1.0;0;0;0;0;0;1.0;1.0;0;0;0;0;0
798022;1.2;0.90;78.0;3311.0;21.0;80.25;38.25;2.74;9.65;14.39;2.08;0;2.31;142114.0;79.0;79.0;33.0;4515.0;995.36;839.83;6.0;1.0;0;1.0;0;0;1.0;0;0;0;0;0;1.0;1.0;0;0;0;0;0
798540;1.16;0.89;78.0;3385.0;21.0;80.25;39.0;2.74;9.39;14.48;0.89;0;2.31;142114.0;78.0;79.0;33.0;4516.0;995.52;839.83;6.0;1.0;0;1.0;0;0;1.0;0;0;0;0;0;1.0;1.0;0;0;0;0;0
799058;1.14;0.87;78.0;3402.0;21.0;80.25;39.0;2.74;9.40;14.48;0.33;0;2.31;142114.0;79.0;79.0;33.0;4516.0;995.79;820.30;6.0;1.0;0;1.0;0;0;1.0;0;0;0;0;0;1.0;1.0;0;0;0;0;0
799576;1.24;0.86;80.0;3423.0;21.0;80.25;39.0;3.52;10.48;14.48;1.81;0;2.31;142114.0;79.0;80.0;33.0;4510.0;996.02;800.77;6.0;1.0;0;1.0;0;0;1.0;0;0;0;0;0;1.0;1.0;0;0;0;0;0
800095;1.23;0.84;80.0;3465.0;21.0;80.25;39.75;3.52;10.63;14.39;2.87;1.30;2.31;142114.0;80.0;80.0;33.0;4516.0;996.14;800.77;6.0;1.0;0;1.0;0;0;1.0;0;0;0;0;0;1.0;1.0;0;0;0;0;0
800612;1.24;0.82;81.0;3414.0;21.0;80.25;39.75;3.52;11.07;14.39;1.26;2.28;2.31;142114.0;80.0;81.0;33.0;4511.0;996.22;761.70;6.0;1.0;0;1.0;0;0;1.0;0;0;0;0;0;1.0;1.0;0;0;0;0;0
801130;1.21;0.80;81.0;3451.0;21.0;80.25;39.75;3.52;10.94;14.48;0.50;1.05;2.31;142114.0;81.0;82.0;33.0;4516.0;996.30;761.70;6.0;1.0;0;1.0;0;0;1.0;0;0;0;0;0;1.0;1.0;0;0;0;0;0
801649;1.17;0.79;82.0;3496.0;21.0;80.25;39.75;3.52;10.79;14.39;0.13;1.79;2.31;142114.0;80.0;82.0;33.0;4528.0;996.34;742.17;6.0;1.0;0;1.0;0;0;1.0;0;0;0;0;0;1.0;1.0;0;0;0;0;0
802166;1.16;0.77;82.0;3546.0;21.0;80.25;40.5;3.92;10.95;14.39;0;0.58;2.31;142114.0;81.0;82.0;33.0;4507.0;996.37;722.64;6.0;1.0;0;1.0;0;0;1.0;0;0;0;0;0;1.0;1.0;0;0;0;0;0
802686;1.21;0.76;83.0;3459.0;21.0;80.25;39.75;3.92;11.46;14.48;0;0.19;2.31;142114.0;82.0;83.0;33.0;4510.0;996.61;410.15;6.0;1.0;0;1.0;0;0;1.0;0;0;0;0;0;1.0;1.0;0;0;0;0;0
803202;1.22;0.77;83.0;3594.0;21.0;80.25;41.25;3.92;11.56;14.39;1.01;0;2.31;142114.0;82.0;84.0;33.0;4503.0;996.92;703.11;6.0;1.0;0;1.0;0;0;1.0;0;0;0;0;0;1.0;1.0;0;0;0;0;0
803721;1.17;0.76;86.0;3498.0;21.0;80.25;40.5;3.92;11.18;14.39;0.35;0;2.31;142114.0;86.0;84.0;33.0;4524.0;997.04;253.90;6.0;1.0;0;1.0;0;0;1.0;0;0;0;0;0;1.0;1.0;0;0;0;0;0
804239;1.15;0.78;85.0;3626.0;21.0;80.25;41.25;3.92;10.76;14.39;0.07;4.57;2.31;142114.0;85.0;85.0;33.0;4507.0;997.23;664.05;6.0;1.0;0;1.0;0;0;1.0;0;0;0;0;0;1.0;1.0;0;0;0;0;0
804759;1.11;0.76;86.0;3621.0;21.0;80.25;41.25;3.52;10.53;14.48;0;4.41;2.31;142114.0;85.0;86.0;33.0;4517.0;997.35;527.33;6.0;1.0;0;1.0;0;0;1.0;0;0;0;0;0;1.0;1.0;0;0;0;0;0
805276;1.01;0.76;86.0;3647.0;21.0;80.25;42.0;3.13;9.48;14.39;0;1.69;2.31;142114.0;85.0;86.0;33.0;4514.0;997.47;722.64;6.0;1.0;0;1.0;0;0;1.0;0;0;0;0;0;1.0;1.0;0;0;0;0;0
805794;0.97;0.76;86.0;3655.0;21.0;80.25;42.0;3.13;9.11;14.48;2.08;0.66;2.31;142114.0;86.0;87.0;33.0;4516.0;997.62;742.17;6.0;1.0;0;1.0;0;0;1.0;0;0;0;0;0;1.0;1.0;0;0;0;0;0
806311;0.90;0.74;86.0;3690.0;21.0;80.25;42.0;2.74;8.52;14.48;3.26;0.19;2.31;142114.0;86.0;87.0;33.0;4513.0;997.78;585.93;6.0;1.0;0;1.0;0;0;1.0;0;0;0;0;0;1.0;1.0;0;0;0;0;0
806832;0.80;0.74;87.0;3720.0;21.0;80.25;42.75;2.35;7.37;14.48;1.28;3.32;2.31;142114.0;86.0;88.0;33.0;4516.0;998.05;624.99;6.0;1.0;0;1.0;0;0;1.0;0;0;0;0;0;1.0;1.0;0;0;0;0;0
807348;0.74;0.74;87.0;3693.0;21.0;80.25;42.0;1.96;6.88;14.48;0.48;1.34;2.31;142114.0;87.0;88.0;33.0;4519.0;998.25;78.12;6.0;1.0;0;1.0;0;0;1.0;0;0;0;0;0;1.0;1.0;0;0;0;0;0
807865;0.68;0.75;87.0;3713.0;21.0;80.25;42.75;1.56;6.14;14.48;0.05;0.39;2.31;142114.0;87.0;88.0;33.0;4531.0;998.48;39.06;6.0;1.0;0;1.0;0;0;1.0;0;0;0;0;0;1.0;1.0;0;0;0;0;0
808385;0.62;1.00;88.0;3752.0;21.0;80.25;-30.0;0;0;14.48;0;0.05;2.31;142114.0;87.0;88.0;33.0;4544.0;998.60;0;6.0;1.0;0;1.0;0;0;1.0;0;0;0;0;0;1.0;1.0;0;0;0;0;0
808903;0.64;1.00;87.0;3731.0;21.0;80.25;-30.0;0;0;14.48;0;1.75;2.31;142114.0;88.0;88.0;33.0;4552.0;998.68;0;6.0;1.0;0;1.0;0;0;1.0;0;0;0;0;0;1.0;1.0;0;0;0;0;0
809421;0.64;1.00;86.0;3716.0;21.0;80.25;-30.0;0;0;14.48;1.75;0.68;2.31;142114.0;87.0;87.0;33.0;4546.0;998.76;0;6.0;1.0;0;1.0;0;0;1.0;0;0;0;0;0;1.0;1.0;0;0;0;0;0
809940;0.65;1.00;86.0;3658.0;21.0;80.25;-30.0;0;0;14.48;0.68;0.23;2.31;142114.0;85.0;86.0;33.0;4553.0;998.80;0;6.0;1.0;0;1.0;0;0;1.0;0;0;0;0;0;1.0;1.0;0;0;0;0;0
810457;0.65;1.00;85.0;3578.0;21.0;80.25;-30.0;0;0;14.48;0.17;8.84;2.31;142114.0;84.0;85.0;33.0;4561.0;999.15;0;6.0;1.0;0;1.0;0;0;1.0;0;0;0;0;0;1.0;1.0;0;0;0;0;0
810974;0.64;1.00;85.0;3566.0;21.0;80.25;-30.0;0;0;14.48;0;11.79;2.31;142114.0;85.0;84.0;33.0;4561.0;999.34;19.53;6.0;1.0;0;1.0;0;0;1.0;0;0;0;0;0;1.0;1.0;0;0;0;0;0
811495;0.66;1.00;82.0;3535.0;21.0;79.5;-30.0;0;0;14.48;0;5.21;2.31;142114.0;83.0;83.0;33.0;4518.0;999.46;19.53;6.0;1.0;0;1.0;0;0;1.0;0;0;0;0;0;1.0;1.0;0;0;0;0;0
812012;0.92;1.00;82.0;3476.0;21.0;79.5;39.75;1.17;5.98;14.48;1.75;2.40;2.31;142114.0;82.0;82.0;33.0;4196.0;999.58;800.77;6.0;1.0;0;1.0;0;0;1.0;0;0;0;0;0;1.0;1.0;0;0;0;0;0
812530;1.52;1.00;81.0;3494.0;21.0;79.5;39.75;3.52;10.59;14.48;0.72;0.99;2.31;142114.0;80.0;81.0;33.0;4288.0;999.77;917.95;6.0;1.0;0;1.0;0;0;1.0;0;0;0;0;0;1.0;1.0;0;0;0;0;0
813049;1.63;0.98;80.0;3408.0;21.0;79.5;39.0;3.92;12.04;14.39;2.03;0.35;2.31;142114.0;80.0;80.0;33.0;4417.0;999.89;878.89;6.0;1.0;0;1.0;0;0;1.0;0;0;0;0;0;1.0;1.0;0;0;0;0;0
813567;1.58;0.96;80.0;3413.0;21.0;79.5;39.0;3.92;12.01;14.48;0.76;1.23;2.31;142114.0;79.0;80.0;33.0;4485.0;999.97;878.89;6.0;1.0;0;1.0;0;0;1.0;0;0;0;0;0;1.0;1.0;0;0;0;0;0
814085;1.50;0.94;80.0;3408.0;21.0;79.5;39.0;3.92;11.57;14.29;0.27;0.48;2.58;142114.0;79.0;80.0;33.0;4499.0;1000.05;859.36;6.0;1.0;0;1.0;0;0;1.0;0;0;0;0;0;1.0;1.0;0;0;0;0;0
814607;1.48;0.92;80.0;3371.0;21.0;79.5;39.0;3.92;11.82;14.48;2.12;0.15;2.31;142114.0;79.0;80.0;33.0;4525.0;1000.09;839.83;6.0;1.0;0;1.0;0;0;1.0;0;0;0;0;0;1.0;1.0;0;0;0;0;0
815121;1.40;0.90;80.0;3390.0;21.0;79.5;39.0;3.92;11.35;14.48;0.93;0;2.31;142114.0;79.0;80.0;33.0;4520.0;1000.09;820.30;6.0;1.0;0;1.0;0;0;1.0;0;0;0;0;0;1.0;1.0;0;0;0;0;0
815640;1.35;0.88;80.0;3399.0;21.0;79.5;39.0;3.52;11.11;14.29;0.33;0;2.58;142114.0;79.0;81.0;33.0;4520.0;1000.20;820.30;6.0;1.0;0;1.0;0;0;1.0;0;0;0;0;0;1.0;1.0;0;0;0;0;0
816190;1.31;0.86;81.0;3435.0;21.0;79.5;39.0;3.52;11.07;14.39;0;0;2.31;142114.0;80.0;81.0;33.0;4511.0;1000.40;800.77;6.0;1.0;0;1.0;0;0;1.0;0;0;0;0;0;1.0;1.0;0;0;0;0;0
816842;1.22;0.84;80.0;3410.0;21.0;79.5;39.75;3.52;10.74;14.48;1.30;2.08;2.31;142114.0;80.0;81.0;33.0;4519.0;1000.48;781.24;6.0;1.0;0;1.0;0;0;1.0;0;0;0;0;0;1.0;1.0;0;0;0;0;0
817407;1.08;0.82;80.0;3432.0;21.0;79.5;39.0;2.74;9.43;14.48;0.33;2.71;2.31;142114.0;81.0;81.0;33.0;4518.0;1000.83;781.24;6.0;1.0;0;1.0;0;0;1.0;0;0;0;0;0;1.0;1.0;0;0;0;0;0
817926;0.96;0.80;81.0;3391.0;21.0;79.5;39.0;2.35;8.46;14.48;1.69;1.19;2.31;142114.0;80.0;81.0;33.0;4537.0;1000.87;781.24;6.0;1.0;0;1.0;0;0;1.0;0;0;0;0;0;1.0;1.0;0;0;0;0;0
818445;0.66;1.00;78.0;3355.0;21.0;79.5;-30.0;0;0;14.48;2.61;1.64;2.31;142114.0;79.0;79.0;33.0;4545.0;1001.02;78.12;6.0;1.0;0;1.0;0;0;1.0;0;0;0;0;0;1.0;1.0;0;0;0;0;0
818961;0.66;1.00;78.0;3308.0;21.0;79.5;-30.0;0;0;14.48;2.55;1.56;2.31;142114.0;78.0;78.0;33.0;4533.0;1001.10;0;6.0;1.0;0;1.0;0;0;1.0;0;0;0;0;0;1.0;1.0;0;0;0;0;0
819480;0.67;1.00;76.0;3246.0;21.0;79.5;-30.0;0;0;14.39;1.11;0.68;2.31;142114.0;77.0;77.0;33.0;4519.0;1001.18;0;6.0;1.0;0;1.0;0;0;1.0;0;0;0;0;0;1.0;1.0;0;0;0;0;0
820003;0.68;1.00;75.0;3177.0;21.0;79.5;-30.0;0;0;14.39;2.38;0.25;2.31;142114.0;75.0;75.0;33.0;4519.0;1001.26;0;6.0;1.0;0;1.0;0;0;1.0;0;0;0;0;0;1.0;1.0;0;0;0;0;0
820517;0.70;1.00;73.0;3143.0;21.0;79.5;-30.0;0;0;14.48;2.42;0;2.31;142114.0;74.0;74.0;33.0;4520.0;1001.30;0;6.0;1.0;0;1.0;0;0;1.0;0;0;0;0;0;1.0;1.0;0;0;0;0;0
821035;0.71;1.00;72.0;3082.0;21.0;79.5;-30.0;0;0;14.48;1.11;0;2.31;142114.0;72.0;73.0;33.0;4525.0;1001.34;19.53;6.0;1.0;0;1.0;0;0;1.0;0;0;0;0;0;1.0;1.0;0;0;0;0;0
821555;0.71;1.00;71.0;2991.0;21.0;79.5;-30.0;0;0;14.48;0.39;0;2.31;142114.0;71.0;71.0;33.0;4545.0;1001.38;19.53;6.0;1.0;0;1.0;0;0;1.0;0;0;0;0;0;1.0;1.0;0;0;0;0;0
822072;0.73;1.00;67.0;2853.0;21.0;79.5;-30.0;0;0;14.48;0.13;0;2.31;142114.0;67.0;68.0;33.0;4580.0;1001.38;19.53;6.0;1.0;0;1.0;0;0;1.0;0;0;0;0;0;1.0;1.0;0;0;0;0;0
822590;0.76;1.00;65.0;2740.0;21.0;79.5;-30.0;0;0;14.58;0;0;2.31;142114.0;63.0;65.0;33.0;4584.0;1001.38;39.06;6.0;1.0;0;1.0;0;0;1.0;0;0;0;0;0;1.0;1.0;0;0;0;0;0
823109;0.78;1.00;62.0;2656.0;21.0;79.5;-30.0;0;0;14.48;1.46;0;2.31;142114.0;63.0;63.0;33.0;4562.0;1001.41;39.06;6.0;1.0;0;1.0;0;0;1.0;0;0;0;0;0;1.0;1.0;0;0;0;0;0
823628;0.80;1.00;61.0;2580.0;21.0;79.5;-30.0;0;0;14.58;2.12;0;2.31;142114.0;60.0;61.0;33.0;4540.0;1001.61;39.06;6.0;1.0;0;1.0;0;0;1.0;0;0;0;0;0;1.0;1.0;0;0;0;0;0
824145;0.84;1.00;60.0;2527.0;21.0;79.5;12.75;0;9.36;14.48;1.11;0;2.31;142114.0;58.0;60.0;33.0;4217.0;1001.57;58.59;6.0;1.0;0;1.0;0;0;1.0;0;0;0;0;0;1.0;1.0;0;0;0;0;0
824664;0.84;1.00;56.0;2417.0;21.0;79.5;15.0;0;9.44;14.48;16.44;33.84;2.31;142114.0;56.0;57.0;30.0;4298.0;1001.73;117.18;6.0;1.0;0;1.0;0;0;1.0;0;0;1.0;0;0;1.0;1.0;0;0;0;0;0
825185;0.89;1.00;52.0;2236.0;21.0;79.5;13.5;0;9.34;14.48;90.52;86.14;2.31;142114.0;53.0;53.0;23.0;4453.0;1001.92;312.49;6.0;1.0;0;1.0;0;0;1.0;0;0;1.0;0;0;1.0;1.0;0;0;0;0;0
825702;0.96;1.00;48.0;2076.0;21.0;79.5;12.0;0;9.34;14.20;71.59;75.26;2.58;142114.0;48.0;48.0;23.0;4487.0;1001.92;58.59;6.0;1.0;0;1.0;0;0;1.0;0;0;1.0;0;0;1.0;1.0;0;0;0;0;0
826219;1.01;1.00;43.0;1894.0;21.0;79.5;12.0;0;9.31;14.39;80.48;64.42;2.31;142114.0;44.0;44.0;24.0;4498.0;1002.12;78.12;6.0;1.0;0;1.0;0;0;1.0;0;0;1.0;0;0;1.0;1.0;0;0;0;0;0
826739;1.37;1.01;41.0;1439.0;21.0;79.5;12.0;0;9.39;14.48;76.87;47.65;2.31;142114.0;42.0;42.0;24.0;4510.0;1002.27;156.24;5.0;1.0;0;1.0;0;0;1.0;0;0;1.0;0;0;1.0;1.0;0;0;0;0;0
827257;1.08;0.99;38.0;1743.0;21.0;79.5;12.0;0;9.30;14.48;62.80;31.79;2.31;142114.0;38.0;39.0;23.0;4485.0;1002.31;859.36;5.0;1.0;0;1.0;0;0;1.0;0;0;1.0;0;0;1.0;1.0;0;0;0;0;0
827774;1.38;0.98;36.0;1304.0;21.0;79.5;12.0;0;9.35;14.48;81.98;31.07;2.31;142114.0;37.0;37.0;23.0;4479.0;1002.43;839.83;5.0;1.0;0;1.0;0;0;1.0;0;0;1.0;0;0;1.0;1.0;0;0;0;0;0
828292;1.33;0.96;35.0;1338.0;21.0;79.5;10.5;0;8.98;14.39;158.77;29.86;2.31;142114.0;34.0;35.0;23.0;4504.0;1002.47;820.30;5.0;1.0;0;1.0;0;0;1.0;0;0;1.0;0;0;1.0;1.0;0;0;0;0;0
828813;1.34;0.95;32.0;1321.0;21.0;79.5;11.25;0;9.07;14.48;169.59;57.39;2.31;142114.0;33.0;33.0;23.0;4515.0;1002.51;664.05;5.0;1.0;0;1.0;0;0;1.0;0;0;1.0;0;0;1.0;1.0;0;0;0;0;0
829329;1.29;0.95;30.0;1391.0;21.0;79.5;12.0;0;9.31;14.29;204.40;91.86;2.58;142114.0;31.0;31.0;23.0;4525.0;1002.55;117.18;5.0;1.0;0;1.0;0;0;1.0;0;0;1.0;0;0;1.0;1.0;0;0;0;0;0
829846;1.32;0.96;27.0;1318.0;21.0;79.5;12.0;0;9.28;14.29;246.25;109.07;2.58;142114.0;28.0;28.0;23.0;4515.0;1002.59;97.65;4.0;1.0;0;1.0;0;0;1.0;0;0;1.0;0;0;1.0;1.0;0;0;0;0;0
830366;1.27;0.98;25.0;1402.0;21.0;79.5;12.0;0;9.30;14.39;220.39;178.56;2.31;142114.0;25.0;25.0;23.0;4533.0;1002.59;117.18;3.0;1.0;0;1.0;0;0;1.0;0;0;1.0;0;0;1.0;1.0;0;0;0;0;0
830886;1.36;0.98;22.0;1345.0;21.0;79.5;11.25;0;9.13;14.48;173.25;144.56;2.31;142114.0;22.0;22.0;23.0;4501.0;1002.59;839.83;3.0;1.0;0;1.0;0;0;1.0;0;0;1.0;0;0;1.0;1.0;0;0;0;0;0
831403;1.37;0.97;18.0;1332.0;21.0;79.5;10.5;0;9.03;14.48;153.87;149.54;2.31;142115.0;19.0;19.0;24.0;4510.0;1002.63;820.30;3.0;1.0;0;1.0;0;0;1.0;0;0;1.0;0;0;1.0;1.0;0;0;0;0;0
831921;1.36;0.95;15.0;1340.0;21.0;79.5;10.5;0;9.01;14.20;124.85;108.97;2.58;142115.0;14.0;15.0;23.0;4504.0;1002.63;195.31;2.0;1.0;0;1.0;0;0;1.0;0;0;1.0;0;0;1.0;1.0;0;0;0;0;0
832440;1.41;0.97;10.0;1310.0;21.0;79.5;11.25;0;9.13;14.48;139.09;99.72;2.31;142115.0;10.0;10.0;24.0;4504.0;1002.63;58.59;1.0;1.0;0;1.0;0;0;1.0;0;0;1.0;0;0;1.0;1.0;0;0;0;0;0
832960;1.46;0.99;7.0;1226.0;21.0;79.5;16.5;0;10.04;14.48;114.64;80.85;2.31;142115.0;7.0;7.0;23.0;4512.0;1002.63;78.12;1.0;1.0;0;1.0;0;0;1.0;0;0;1.0;0;0;1.0;1.0;0;0;0;0;0
833477;1.46;1.00;5.0;1323.0;21.0;79.5;9.75;0;8.87;14.39;157.93;127.33;2.31;142115.0;6.0;5.0;24.0;4503.0;1002.63;312.49;1.0;1.0;0;1.0;0;0;1.0;0;0;1.0;0;0;1.0;1.0;0;0;0;0;0
833996;2.71;1.00;6.0;1500.0;21.0;79.5;12.75;2.35;14.76;14.39;163.77;145.36;2.31;142115.0;6.0;7.0;33.0;4564.0;1002.63;878.89;1.0;1.0;0;1.0;0;0;1.0;0;0;1.0;0;0;1.0;1.0;0;0;0;0;0
834529;3.98;1.00;10.0;2248.0;21.0;79.5;20.25;9.02;26.81;14.39;114.05;100.48;2.31;142115.0;10.0;10.0;33.0;4488.0;1002.63;898.42;1.0;1.0;0;1.0;0;0;1.0;0;0;1.0;0;0;1.0;1.0;0;0;0;0;0
835032;4.44;1.00;16.0;2211.0;21.0;79.5;17.25;11.76;30.77;14.39;63.80;56.20;2.31;142115.0;16.0;16.0;33.0;4407.0;1002.63;878.89;1.0;1.0;0;1.0;0;0;1.0;0;0;1.0;0;0;1.0;1.0;0;0;0;0;0
835551;4.41;0.99;23.0;2586.0;21.0;79.5;22.5;15.68;31.44;14.39;37.61;33.14;2.31;142115.0;23.0;24.0;33.0;4426.0;1002.63;839.83;1.0;1.0;0;1.0;0;0;1.0;0;0;1.0;0;0;1.0;1.0;0;0;0;0;0
836069;3.78;0.94;31.0;3347.0;21.0;79.5;28.5;15.68;30.18;14.29;19.92;16.60;2.58;142115.0;30.0;31.0;33.0;4552.0;1002.63;800.77;1.0;1.0;0;1.0;0;0;1.0;0;0;1.0;0;0;1.0;1.0;0;0;0;0;0
836587;4.70;1.00;33.0;3156.0;21.0;79.5;36.75;6.66;10.68;14.48;8.90;7.44;2.31;142115.0;34.0;34.0;33.0;4362.0;1002.70;878.89;2.0;1.0;0;1.0;0;0;1.0;0;0;1.0;0;0;1.0;1.0;0;0;0;0;0
837107;6.88;1.00;41.0;3236.0;21.0;79.5;15.0;29.80;41.15;14.39;4.41;3.65;2.31;142115.0;40.0;42.0;33.0;4215.0;1002.66;800.77;2.0;1.0;0;1.0;0;0;1.0;0;0;1.0;0;0;1.0;1.0;0;0;0;0;0
837623;6.28;0.97;50.0;3832.0;21.0;79.5;18.0;29.80;42.50;14.48;1.91;1.64;2.31;142115.0;47.0;50.0;33.0;4405.0;1002.66;820.30;2.0;1.0;0;1.0;0;0;1.0;0;0;1.0;0;0;1.0;1.0;0;0;0;0;0
838144;5.12;0.89;56.0;4406.0;21.0;79.5;24.0;29.80;41.28;14.39;0.54;0.41;2.31;142115.0;55.0;57.0;33.0;4627.0;1002.74;136.71;2.0;1.0;0;1.0;0;0;1.0;0;0;0;0;0;1.0;1.0;0;0;0;0;0
838661;0.92;1.00;60.0;3950.0;21.0;79.5;30.75;5.88;4.25;14.48;0.07;0.03;2.31;142115.0;59.0;60.0;33.0;4341.0;1002.78;859.36;3.0;1.0;0;1.0;0;0;1.0;0;0;1.0;0;0;1.0;1.0;0;0;0;0;0
839180;6.74;1.00;65.0;3995.0;21.0;79.5;20.25;30.19;43.32;14.39;0;1.75;2.31;142115.0;64.0;65.0;33.0;4515.0;1002.86;859.36;3.0;1.0;0;1.0;0;0;1.0;0;0;1.0;0;0;1.0;1.0;0;0;0;0;0
839700;6.92;1.00;72.0;4425.0;21.0;80.25;16.5;40.00;46.60;14.39;0.89;0.56;2.31;142115.0;69.0;72.0;33.0;4626.0;1002.86;800.77;3.0;1.0;0;1.0;0;0;1.0;0;0;1.0;0;0;1.0;1.0;0;0;0;0;0
840218;6.25;0.97;78.0;4860.0;21.0;80.25;19.5;40.39;43.71;14.39;0.23;0.09;2.31;142115.0;76.0;79.0;33.0;4564.0;1003.02;605.46;3.0;1.0;0;1.0;0;0;1.0;0;0;1.0;0;0;1.0;1.0;0;0;0;0;0
840735;5.03;1.06;86.0;5245.0;21.0;80.25;26.25;29.80;38.38;14.48;0;1.34;2.31;142115.0;82.0;86.0;33.0;4460.0;1003.09;800.77;3.0;1.0;0;1.0;0;0;1.0;0;0;0;0;0;1.0;1.0;0;0;0;0;0
841254;6.15;1.00;88.0;4581.0;21.0;80.25;23.25;32.94;40.13;14.48;0;1.19;2.31;142115.0;87.0;89.0;33.0;4575.0;1003.17;781.24;4.0;1.0;0;1.0;0;0;1.0;0;0;0;0;0;1.0;1.0;0;0;0;0;0
841773;6.08;1.00;93.0;4874.0;21.0;80.25;22.5;36.47;40.57;14.48;2.26;0.31;2.31;142115.0;91.0;94.0;33.0;4577.0;1003.05;605.46;4.0;1.0;0;1.0;0;0;1.0;0;0;0;0;0;1.0;1.0;0;0;0;0;0
842291;0;1.00;97.0;4947.0;21.0;80.25;42.75;0;4.00;14.39;1.62;0;2.31;142115.0;97.0;98.0;33.0;4465.0;1002.94;859.36;4.0;1.0;0;1.0;0;0;1.0;0;0;0;0;0;1.0;1.0;0;0;0;0;0
842810;5.44;1.00;101.0;4679.0;21.0;80.25;27.0;29.02;36.53;14.39;0.46;0;2.31;142115.0;98.0;101.0;33.0;4547.0;1002.98;800.77;5.0;1.0;0;1.0;0;0;1.0;0;0;0;0;0;1.0;1.0;0;0;0;0;0
843329;3.72;1.00;102.0;4583.0;21.0;80.25;39.0;14.90;25.76;14.39;1.34;0;2.31;142115.0;100.0;102.0;33.0;4412.0;1003.02;820.30;6.0;1.0;0;1.0;0;0;1.0;0;0;0;0;0;1.0;1.0;0;0;0;0;0
843894;2.68;1.00;103.0;4420.0;21.0;80.25;42.0;10.19;22.06;14.48;0.29;1.66;2.31;142115.0;102.0;104.0;33.0;4512.0;1003.02;839.83;6.0;1.0;0;1.0;0;0;1.0;0;0;0;0;0;1.0;1.0;0;0;0;0;0
844413;0.65;0.99;102.0;4382.0;21.0;80.25;47.25;0.78;4.76;14.29;0;0.52;2.58;142115.0;103.0;103.0;33.0;4430.0;1003.13;800.77;6.0;1.0;0;1.0;0;0;1.0;0;0;0;0;0;1.0;1.0;0;0;0;0;0
844932;1.52;0.98;102.0;4383.0;21.0;81.0;48.0;4.70;11.27;14.48;0;1.75;2.31;142115.0;102.0;102.0;32.0;4462.0;1003.13;820.30;6.0;1.0;0;1.0;0;0;1.0;0;0;0;0;0;1.0;1.0;0;0;0;0;0
845451;2.02;0.95;102.0;4311.0;21.0;81.0;45.75;6.66;15.85;14.48;0;0.56;2.31;142115.0;102.0;102.0;32.0;4498.0;1003.13;800.77;6.0;1.0;0;1.0;0;0;1.0;0;0;0;0;0;1.0;1.0;0;0;0;0;0
845969;1.97;0.90;102.0;4357.0;21.0;81.0;46.5;7.05;16.27;14.39;0;1.26;2.31;142115.0;102.0;103.0;32.0;4525.0;1003.13;800.77;6.0;1.0;0;1.0;0;0;1.0;0;0;0;0;0;1.0;1.0;0;0;0;0;0
846488;1.89;0.86;103.0;4363.0;21.0;81.0;46.5;7.05;16.51;14.48;0.83;2.34;2.31;142115.0;102.0;104.0;32.0;4528.0;1003.21;781.24;6.0;1.0;0;1.0;0;0;1.0;0;0;0;0;0;1.0;1.0;0;0;0;0;0
847008;1.62;0.81;103.0;4402.0;21.0;81.0;47.25;6.27;15.00;14.48;0.23;2.14;2.31;142115.0;102.0;104.0;32.0;4505.0;1003.17;781.24;6.0;1.0;0;1.0;0;0;1.0;0;0;0;0;0;1.0;1.0;0;0;0;0;0
847525;0.62;1.00;102.0;4307.0;21.0;81.0;-30.0;0;0;14.39;1.66;3.33;2.31;142115.0;102.0;102.0;32.0;4523.0;1003.21;742.17;6.0;1.0;0;1.0;0;0;1.0;0;0;0;0;0;1.0;1.0;0;0;0;0;0
848043;0.64;1.00;100.0;4200.0;21.0;81.0;-30.0;0;0;14.48;0.56;1.26;2.31;142115.0;99.0;100.0;32.0;4508.0;1003.05;0;6.0;1.0;0;1.0;0;0;1.0;0;0;0;0;0;1.0;1.0;0;0;0;0;0
848562;0.64;1.00;98.0;4187.0;21.0;80.25;-30.0;0;0;14.48;0.13;0.35;2.31;142115.0;98.0;98.0;33.0;4496.0;1003.17;0;6.0;1.0;0;1.0;0;0;1.0;0;0;0;0;0;1.0;1.0;0;0;0;0;0
849080;0.64;1.00;96.0;4079.0;21.0;80.25;-30.0;0;0;14.48;0;0.01;2.31;142115.0;96.0;96.0;33.0;4494.0;1003.17;0;6.0;1.0;0;1.0;0;0;1.0;0;0;0;0;0;1.0;1.0;0;0;0;0;0
849599;0.64;1.00;93.0;3910.0;21.0;80.25;-30.0;0;0;14.39;0;0;2.31;142115.0;92.0;93.0;33.0;4496.0;1003.37;0;6.0;1.0;0;1.0;0;0;1.0;0;0;0;0;0;1.0;1.0;0;0;0;0;0
850118;0.67;1.00;87.0;3676.0;21.0;80.25;-30.0;0;0;14.48;1.75;0;2.31;142115.0;85.0;87.0;33.0;4508.0;1003.41;0;6.0;1.0;0;1.0;0;0;1.0;0;0;0;0;0;1.0;1.0;0;0;0;0;0
850637;0.68;1.00;78.0;3363.0;21.0;80.25;-30.0;0;0;14.39;0.56;0;2.31;142115.0;79.0;79.0;33.0;4502.0;1003.48;0;6.0;1.0;0;1.0;0;0;1.0;0;0;0;0;0;1.0;1.0;0;0;0;0;0
851169;0.72;1.00;73.0;3118.0;21.0;80.25;-30.0;0;0;14.48;1.42;1.56;2.31;142115.0;72.0;73.0;33.0;4483.0;1003.60;0;6.0;1.0;0;1.0;0;0;1.0;0;0;0;0;0;1.0;1.0;0;0;0;0;0
851675;0.77;1.00;66.0;2822.0;21.0;80.25;-30.0;0;0;14.48;2.18;4.27;2.31;142115.0;64.0;67.0;33.0;4543.0;1003.68;0;6.0;1.0;0;1.0;0;0;1.0;0;0;0;0;0;1.0;1.0;0;0;0;0;0
852192;0.83;1.00;61.0;2578.0;21.0;80.25;-30.0;0;0;14.48;3.35;3.88;2.31;142115.0;60.0;61.0;33.0;4518.0;1003.76;0;6.0;1.0;0;1.0;0;0;1.0;0;0;0;0;0;1.0;1.0;0;0;0;0;0
852711;1.67;1.00;57.0;2353.0;21.0;80.25;12.75;2.35;9.34;14.48;3.92;6.13;2.31;142115.0;57.0;58.0;33.0;4223.0;1003.80;624.99;6.0;1.0;0;1.0;0;0;1.0;0;0;1.0;0;0;1.0;1.0;0;0;0;0;0
853229;0.99;1.00;52.0;2433.0;21.0;80.25;9.0;0;9.23;14.39;16.44;33.63;2.31;142115.0;52.0;53.0;28.0;4299.0;1003.80;624.99;5.0;1.0;0;1.0;0;0;1.0;0;0;1.0;0;0;1.0;1.0;0;0;0;0;0
853748;2.94;1.00;47.0;2198.0;21.0;80.25;5.25;3.92;11.13;14.39;21.24;84.03;2.31;142115.0;47.0;48.0;33.0;4471.0;1003.84;917.95;5.0;1.0;0;1.0;0;0;1.0;0;0;1.0;0;0;1.0;1.0;0;0;0;0;0
854267;0.88;1.00;43.0;2258.0;21.0;80.25;13.5;0;9.36;14.48;18.59;52.26;2.31;142115.0;43.0;44.0;23.0;4496.0;1003.84;292.96;4.0;1.0;0;1.0;0;0;1.0;0;0;1.0;0;0;1.0;1.0;0;0;0;0;0
854784;1.0;1.00;40.0;2036.0;21.0;80.25;11.25;0;9.21;14.48;21.15;40.83;2.31;142115.0;39.0;40.0;23.0;4510.0;1003.84;39.06;4.0;1.0;0;1.0;0;0;1.0;0;0;1.0;0;0;1.0;1.0;0;0;0;0;0
855304;3.75;1.00;35.0;1687.0;21.0;80.25;1.5;3.13;12.22;14.39;82.80;96.45;2.31;142115.0;34.0;35.0;33.0;4517.0;1003.88;839.83;4.0;1.0;0;1.0;0;0;1.0;0;0;1.0;0;0;1.0;1.0;0;0;0;0;0
855823;1.04;1.00;30.0;1916.0;21.0;80.25;12.0;0;9.48;14.29;57.94;80.09;2.58;142115.0;30.0;30.0;24.0;4509.0;1003.88;859.36;3.0;1.0;0;1.0;0;0;1.0;0;0;1.0;0;0;1.0;1.0;0;0;0;0;0
856342;2.47;1.00;25.0;1506.0;21.0;80.25;6.0;1.56;11.43;14.48;73.58;69.85;2.31;142115.0;26.0;26.0;33.0;4487.0;1003.88;859.36;3.0;1.0;0;1.0;0;0;1.0;0;0;1.0;0;0;1.0;1.0;0;0;0;0;0
856862;1.27;0.98;21.0;1580.0;21.0;80.25;12.0;0;9.37;14.48;61.40;51.73;2.31;142115.0;22.0;22.0;24.0;4506.0;1003.88;859.36;2.0;1.0;0;1.0;0;0;1.0;0;0;1.0;0;0;1.0;1.0;0;0;0;0;0
857379;1.31;0.97;17.0;1421.0;21.0;80.25;12.0;0;9.31;14.48;50.21;42.12;2.31;142115.0;18.0;18.0;23.0;4483.0;1003.88;839.83;2.0;1.0;0;1.0;0;0;1.0;0;0;1.0;0;0;1.0;1.0;0;0;0;0;0
857898;1.31;0.95;13.0;1411.0;21.0;80.25;12.0;0;9.26;14.39;98.47;81.57;2.31;142115.0;14.0;14.0;23.0;4506.0;1003.88;839.83;1.0;1.0;0;1.0;0;0;1.0;0;0;1.0;0;0;1.0;1.0;0;0;0;0;0
858416;1.36;0.93;10.0;1298.0;21.0;80.25;12.0;0;9.28;14.39;163.60;143.33;2.31;142115.0;10.0;10.0;23.0;4497.0;1003.88;820.30;1.0;1.0;0;1.0;0;0;1.0;0;0;1.0;0;0;1.0;1.0;0;0;0;0;0
858935;1.44;0.92;6.0;1291.0;21.0;80.25;12.0;0;9.30;14.48;198.15;171.57;2.31;142115.0;7.0;7.0;24.0;4520.0;1003.88;527.33;1.0;1.0;0;1.0;0;0;1.0;0;0;1.0;0;0;1.0;1.0;0;0;0;0;0
859454;1.32;0.91;3.0;1292.0;21.0;80.25;12.0;0;9.28;14.39;236.89;162.58;2.31;142115.0;4.0;4.0;23.0;4507.0;1003.88;136.71;1.0;1.0;0;1.0;0;0;1.0;0;0;1.0;0;0;1.0;1.0;0;0;0;0;0
859973;1.37;0.91;2.0;1294.0;21.0;80.25;12.0;0;9.27;14.48;266.66;169.38;2.31;142115.0;3.0;3.0;23.0;4514.0;1003.88;19.53;1.0;1.0;0;1.0;0;0;1.0;0;0;1.0;0;0;1.0;1.0;0;0;0;0;0
860491;1.40;0.93;0;1315.0;21.0;80.25;10.5;0;8.96;14.39;293.43;152.37;2.31;142115.0;0;0;24.0;4502.0;1003.95;19.53;1.0;1.0;0;1.0;0;0;1.0;0;0;1.0;0;0;1.0;1.0;0;0;0;0;0
861011;1.82;0.94;0;1579.0;21.0;80.25;13.5;1.56;11.66;14.29;233.65;126.63;2.58;142115.0;0;0;33.0;4565.0;1003.91;859.36;1.0;1.0;0;1.0;0;0;1.0;0;0;1.0;0;0;1.0;1.0;0;0;0;0;0
861531;1.87;0.93;0;1608.0;21.0;80.25;13.5;1.56;12.12;14.39;153.25;83.04;2.31;142115.0;0;0;33.0;4554.0;1004.11;839.83;1.0;1.0;0;1.0;0;0;1.0;0;0;1.0;0;0;1.0;1.0;0;0;0;0;0
862048;1.34;0.91;3.0;1335.0;21.0;80.25;12.0;0;9.39;14.39;112.96;60.48;2.31;142115.0;3.0;4.0;23.0;4466.0;1004.27;839.83;1.0;1.0;0;1.0;0;0;1.0;0;0;1.0;0;0;1.0;1.0;0;0;0;0;0
862569;1.32;0.90;0;1308.0;21.0;80.25;10.5;0;9.06;14.39;108.62;49.76;2.31;142115.0;0;0;23.0;4487.0;1004.46;585.93;1.0;1.0;0;1.0;0;0;1.0;0;0;1.0;0;0;1.0;1.0;0;0;0;0;0
863085;1.41;0.90;0;1295.0;21.0;80.25;11.25;0;9.18;14.48;132.76;104.62;2.31;142115.0;0;0;24.0;4504.0;1004.58;39.06;1.0;1.0;0;1.0;0;0;1.0;0;0;1.0;0;0;1.0;1.0;0;0;0;0;0
863604;1.30;0.92;0;1286.0;21.0;80.25;12.0;0;9.32;14.39;165.41;128.46;2.31;142115.0;0;0;23.0;4525.0;1004.62;19.53;1.0;1.0;0;1.0;0;0;1.0;0;0;1.0;0;0;1.0;1.0;0;0;0;0;0
864123;1.36;0.94;0;1291.0;21.0;80.25;12.0;0;9.34;14.48;200.88;156.08;2.31;142115.0;0;0;24.0;4498.0;1004.66;19.53;1.0;1.0;0;1.0;0;0;1.0;0;0;1.0;0;0;1.0;1.0;0;0;0;0;0
864642;1.35;0.95;0;1304.0;21.0;80.25;11.25;0;9.14;14.48;154.34;119.89;2.31;142115.0;0;0;24.0;4510.0;1004.73;19.53;1.0;1.0;0;1.0;0;0;1.0;0;0;1.0;0;0;1.0;1.0;0;0;0;0;0
865161;1.38;0.97;0;1267.0;21.0;80.25;13.5;0;9.61;14.48;144.83;116.65;2.31;142115.0;0;0;24.0;4517.0;1004.85;39.06;1.0;1.0;0;1.0;0;0;1.0;0;0;1.0;0;0;1.0;1.0;0;0;0;0;0
865703;1.40;0.98;0;1285.0;21.0;80.25;12.0;0;9.13;14.39;119.48;107.21;2.31;142115.0;0;0;23.0;4524.0;1004.93;39.06;1.0;1.0;0;1.0;0;0;1.0;0;0;1.0;0;0;1.0;1.0;0;0;0;0;0
866331;1.40;1.00;0;1329.0;21.0;80.25;9.0;0;8.77;14.39;129.48;136.76;2.31;142115.0;0;0;23.0;4505.0;1005.01;97.65;1.0;1.0;0;1.0;0;0;1.0;0;0;1.0;0;0;1.0;1.0;0;0;0;0;0
866858;1.42;1.01;0;1335.0;21.0;80.25;8.25;0;8.50;14.29;124.99;198.75;2.58;142115.0;0;0;23.0;4505.0;1005.05;781.24;1.0;1.0;0;1.0;0;0;1.0;0;0;1.0;0;0;1.0;1.0;0;0;0;0;0
867377;1.45;1.00;0;1299.0;21.0;80.25;11.25;0;9.08;14.48;147.27;190.04;2.31;142115.0;0;0;23.0;4507.0;1005.05;820.30;1.0;1.0;0;1.0;0;0;1.0;0;0;1.0;0;0;1.0;1.0;0;0;0;0;0
867898;1.39;0.98;0;1294.0;21.0;81.0;10.5;0;9.00;14.39;158.62;212.52;2.31;142115.0;0;0;23.0;4524.0;1005.09;742.17;1.0;1.0;0;1.0;0;0;1.0;0;0;1.0;0;0;1.0;1.0;0;0;0;0;0
868418;1.40;0.96;0;1266.0;21.0;81.0;12.0;0;9.29;14.39;188.87;235.19;2.31;142115.0;0;0;23.0;4530.0;1005.09;195.31;1.0;1.0;0;1.0;0;0;1.0;0;0;1.0;0;0;1.0;1.0;0;0;0;0;0
868934;1.43;0.98;0;1244.0;21.0;81.0;15.0;0;9.67;14.48;229.77;249.92;2.31;142115.0;0;0;24.0;4520.0;1005.13;39.06;1.0;1.0;0;1.0;0;0;1.0;0;0;1.0;0;0;1.0;1.0;0;0;0;0;0
869452;1.49;0.99;0;1282.0;21.0;81.0;12.75;0;9.48;14.48;176.53;192.03;2.31;142115.0;0;0;24.0;4500.0;1005.13;39.06;1.0;1.0;0;1.0;0;0;1.0;0;0;1.0;0;0;1.0;1.0;0;0;0;0;0
869972;1.42;1.01;0;1311.0;21.0;81.0;10.5;0;9.05;14.39;128.66;147.54;2.31;142115.0;0;0;24.0;4501.0;1005.13;585.93;1.0;1.0;0;1.0;0;0;1.0;0;0;1.0;0;0;1.0;1.0;0;0;0;0;0
870492;1.43;0.99;0;1286.0;21.0;81.0;11.25;0;9.17;14.39;107.04;121.57;2.31;142115.0;0;0;24.0;4516.0;1005.13;722.64;1.0;1.0;0;1.0;0;0;1.0;0;0;1.0;0;0;1.0;1.0;0;0;0;0;0
871011;1.41;0.99;0;1266.0;21.0;81.0;12.0;0;9.37;14.39;136.31;130.63;2.31;142115.0;0;0;23.0;4522.0;1005.05;449.21;1.0;1.0;0;1.0;0;0;1.0;0;0;1.0;0;0;1.0;1.0;0;0;0;0;0
871529;1.46;1.00;0;1305.0;21.0;81.0;9.0;0;8.81;14.48;130.67;157.82;2.31;142115.0;0;0;23.0;4504.0;1005.09;19.53;1.0;1.0;0;1.0;0;0;1.0;0;0;1.0;0;0;1.0;1.0;0;0;0;0;0
872048;1.43;1.02;0;1243.0;21.0;81.0;13.5;0;9.70;14.48;124.54;190.86;2.31;142115.0;0;0;22.0;4525.0;1005.09;644.52;1.0;1.0;0;1.0;0;0;1.0;0;0;1.0;0;0;1.0;1.0;0;0;0;0;0
872567;1.45;1.00;0;1279.0;21.0;81.0;11.25;0;9.07;14.39;138.33;208.07;2.31;142115.0;0;0;22.0;4502.0;1005.09;800.77;1.0;1.0;0;1.0;0;0;1.0;0;0;1.0;0;0;1.0;1.0;0;0;0;0;0
873085;1.36;0.98;0;1276.0;21.0;81.75;11.25;0;8.98;14.39;131.65;208.54;2.31;142115.0;0;0;22.0;4504.0;1005.13;703.11;1.0;1.0;0;1.0;0;0;1.0;0;0;1.0;0;0;1.0;1.0;0;0;0;0;0
873604;1.43;0.97;0;1233.0;21.0;81.75;13.5;0;9.45;14.48;150.08;204.71;2.31;142115.0;0;0;23.0;4512.0;1005.13;117.18;1.0;1.0;0;1.0;0;0;1.0;0;0;1.0;0;0;1.0;1.0;0;0;0;0;0
874124;1.40;0.98;0;1264.0;21.0;81.75;12.0;0;9.19;14.48;186.45;238.83;2.31;142115.0;0;0;23.0;4510.0;1005.13;19.53;1.0;1.0;0;1.0;0;0;1.0;0;0;1.0;0;0;1.0;1.0;0;0;0;0;0
874642;1.46;1.00;0;1303.0;21.0;81.75;9.0;0;8.72;14.39;207.74;268.14;2.31;142115.0;0;0;23.0;4513.0;1005.13;58.59;1.0;1.0;0;1.0;0;0;1.0;0;0;1.0;0;0;1.0;1.0;0;0;0;0;0
875164;1.38;1.00;0;1284.0;21.0;81.75;10.5;0;8.86;14.48;250.47;237.21;2.31;142115.0;0;0;22.0;4504.0;1005.13;781.24;1.0;1.0;0;1.0;0;0;1.0;0;0;1.0;0;0;1.0;1.0;0;0;0;0;0
875680;1.40;0.99;0;1251.0;21.0;81.75;12.75;0;9.33;14.39;257.99;247.58;2.31;142115.0;0;0;23.0;4522.0;1005.13;410.15;1.0;1.0;0;1.0;0;0;1.0;0;0;1.0;0;0;1.0;1.0;0;0;0;0;0
876338;1.49;1.00;0;1266.0;21.0;81.75;12.0;0;9.25;14.48;245.00;279.53;2.31;142115.0;0;0;23.0;4499.0;1005.13;58.59;1.0;1.0;0;1.0;0;0;1.0;0;0;1.0;0;0;1.0;1.0;0;0;0;0;0
877142;1.46;1.02;0;1293.0;21.0;81.75;9.75;0;8.74;14.48;251.19;249.71;2.31;142115.0;0;0;22.0;4533.0;1005.13;800.77;1.0;1.0;0;1.0;0;0;1.0;0;0;1.0;0;0;1.0;1.0;0;0;0;0;0
877662;1.42;0.99;0;1254.0;21.0;81.75;12.75;0;9.28;14.39;254.84;259.65;2.31;142115.0;0;0;22.0;4504.0;1005.13;703.11;1.0;1.0;0;1.0;0;0;1.0;0;0;1.0;0;0;1.0;1.0;0;0;0;0;0
878180;1.45;0.99;0;1259.0;21.0;81.75;12.0;0;9.17;14.39;261.35;247.24;2.31;142115.0;0;0;22.0;4505.0;1005.13;78.12;1.0;1.0;0;1.0;0;0;1.0;0;0;1.0;0;0;1.0;1.0;0;0;0;0;0
878699;1.39;1.00;0;1286.0;21.0;82.5;10.5;0;8.85;14.48;242.03;258.36;2.31;142115.0;0;0;22.0;4513.0;1005.13;273.43;1.0;1.0;0;1.0;0;0;1.0;0;0;1.0;0;0;1.0;1.0;0;0;0;0;0
879217;1.41;1.00;0;1272.0;21.0;82.5;11.25;0;8.92;14.20;230.84;228.46;2.58;142115.0;0;0;22.0;4515.0;1005.13;664.05;1.0;1.0;0;1.0;0;0;1.0;0;0;1.0;0;0;1.0;1.0;0;0;0;0;0
879738;1.36;0.99;0;1279.0;21.0;82.5;11.25;0;8.92;14.39;241.37;244.47;2.31;142115.0;0;0;22.0;4539.0;1005.13;58.59;1.0;1.0;0;1.0;0;0;1.0;0;0;1.0;0;0;1.0;1.0;0;0;0;0;0
880256;1.47;1.01;0;1262.0;21.0;82.5;12.0;0;9.13;14.48;268.18;272.48;2.31;142115.0;0;0;22.0;4514.0;1005.13;39.06;1.0;1.0;0;1.0;0;0;1.0;0;0;1.0;0;0;1.0;1.0;0;0;0;0;0
880774;1.43;1.02;0;1274.0;21.0;82.5;11.25;0;8.95;14.39;294.53;294.02;2.31;142115.0;0;0;22.0;4507.0;1005.13;664.05;1.0;1.0;0;1.0;0;0;1.0;0;0;1.0;0;0;1.0;1.0;0;0;0;0;0
881293;1.48;1.01;0;1258.0;21.0;82.5;12.0;0;9.23;14.48;303.84;310.56;2.31;142115.0;0;0;22.0;4511.0;1005.13;800.77;1.0;1.0;0;1.0;0;0;1.0;0;0;1.0;0;0;1.0;1.0;0;0;0;0;0
881813;1.48;0.99;0;1207.0;21.0;82.5;17.25;0;9.89;14.39;298.28;324.31;2.31;142115.0;0;0;23.0;4507.0;1005.13;742.17;1.0;1.0;0;1.0;0;0;1.0;0;0;1.0;0;0;1.0;1.0;0;0;0;0;0
882332;1.38;0.98;0;1252.0;21.0;82.5;12.75;0;9.31;14.39;313.28;280.37;2.31;142115.0;0;0;23.0;4512.0;1005.13;683.58;1.0;1.0;0;1.0;0;0;1.0;0;0;1.0;0;0;1.0;1.0;0;0;0;0;0
882852;1.44;0.98;0;1236.0;21.0;82.5;14.25;0;9.53;14.48;324.23;292.71;2.31;142115.0;0;0;23.0;4513.0;1005.13;97.65;1.0;1.0;0;1.0;0;0;1.0;0;0;1.0;0;0;1.0;1.0;0;0;0;0;0
883369;1.37;0.99;0;1281.0;21.0;82.5;11.25;0;8.94;14.39;315.03;313.88;2.31;142115.0;0;0;22.0;4506.0;1005.13;39.06;1.0;1.0;0;1.0;0;0;1.0;0;0;1.0;0;0;1.0;1.0;0;0;0;0;0
883888;1.46;1.01;0;1267.0;21.0;82.5;12.0;0;9.15;14.39;316.01;321.17;2.31;142115.0;0;0;22.0;4507.0;1005.13;39.06;1.0;1.0;0;1.0;0;0;1.0;0;0;1.0;0;0;1.0;1.0;0;0;0;0;0
884411;1.43;1.02;0;1240.0;21.0;82.5;13.5;0;9.31;14.39;269.06;271.91;2.31;142115.0;0;0;21.0;4523.0;1005.13;683.58;1.0;1.0;0;1.0;0;0;1.0;0;0;1.0;0;0;1.0;1.0;0;0;0;0;0
884927;1.44;1.01;0;1255.0;21.0;82.5;12.0;0;9.08;14.48;214.14;208.93;2.31;142115.0;0;0;21.0;4509.0;1005.13;800.77;1.0;1.0;0;1.0;0;0;1.0;0;0;1.0;0;0;1.0;1.0;0;0;0;0;0
885446;1.37;0.99;0;1271.0;21.0;82.5;11.25;0;8.80;14.39;164.52;152.29;2.31;142115.0;0;0;21.0;4523.0;1005.13;781.24;1.0;1.0;0;1.0;0;0;1.0;0;0;1.0;0;0;1.0;1.0;0;0;0;0;0
885965;1.38;0.98;0;1282.0;21.0;82.5;10.5;0;8.71;14.48;126.39;117.00;2.31;142115.0;0;0;21.0;4518.0;1005.13;449.21;1.0;1.0;0;1.0;0;0;1.0;0;0;1.0;0;0;1.0;1.0;0;0;0;0;0
886483;1.47;0.98;0;1197.0;21.0;82.5;17.25;0;9.77;14.39;100.32;97.25;2.31;142115.0;0;0;22.0;4502.0;1005.13;39.06;1.0;1.0;0;1.0;0;0;1.0;0;0;1.0;0;0;1.0;1.0;0;0;0;0;0
887009;1.41;1.00;0;1217.0;21.0;82.5;15.75;0;9.50;14.11;94.85;126.49;2.58;142115.0;0;0;22.0;4499.0;1005.13;97.65;1.0;1.0;0;1.0;0;0;1.0;0;0;1.0;0;0;1.0;1.0;0;0;0;0;0
887522;1.48;1.02;0;1218.0;21.0;82.5;15.0;0;9.49;14.39;122.19;133.87;2.31;142115.0;0;0;22.0;4509.0;1005.13;58.59;1.0;1.0;0;1.0;0;0;1.0;0;0;1.0;0;0;1.0;1.0;0;0;0;0;0
888040;1.47;1.03;0;1273.0;21.0;82.5;11.25;0;8.79;14.48;117.49;118.03;2.31;142115.0;0;0;21.0;4501.0;1005.13;703.11;1.0;1.0;0;1.0;0;0;1.0;0;0;1.0;0;0;1.0;1.0;0;0;0;0;0
888560;1.38;1.01;0;1283.0;21.0;82.5;10.5;0;8.65;14.48;85.61;90.65;2.31;142115.0;0;0;21.0;4517.0;1005.13;820.30;1.0;1.0;0;1.0;0;0;1.0;0;0;1.0;0;0;1.0;1.0;0;0;0;0;0
889077;4.18;1.00;0;1515.0;21.0;82.5;12.0;5.09;20.76;14.39;65.75;66.05;2.31;142115.0;0;0;32.0;4569.0;1005.13;917.95;1.0;1.0;0;1.0;0;0;1.0;0;0;1.0;0;0;1.0;1.0;0;0;0;0;0
889597;4.12;1.00;0;2481.0;21.0;83.25;23.25;11.76;29.02;14.39;105.36;58.14;2.31;142115.0;0;0;31.0;4479.0;1005.13;878.89;1.0;1.0;0;1.0;0;0;1.0;0;0;1.0;0;0;1.0;1.0;0;0;0;0;0
890116;4.25;0.96;11.0;2155.0;21.0;83.25;15.75;12.15;32.04;14.39;133.35;122.39;2.31;142115.0;11.0;11.0;31.0;4533.0;1005.13;859.36;1.0;1.0;0;1.0;0;0;1.0;0;0;1.0;0;0;1.0;1.0;0;0;0;0;0
890634;4.10;0.93;18.0;2133.0;21.0;83.25;15.75;12.15;32.28;14.48;158.93;133.50;2.31;142115.0;18.0;19.0;31.0;4465.0;1005.13;859.36;1.0;1.0;0;1.0;0;0;1.0;0;0;1.0;0;0;1.0;1.0;0;0;0;0;0
891154;3.19;0.89;25.0;2751.0;21.0;82.5;27.75;10.58;26.45;14.39;131.94;158.44;2.31;142115.0;25.0;25.0;32.0;4491.0;1005.13;820.30;1.0;1.0;0;1.0;0;0;1.0;0;0;1.0;0;0;1.0;1.0;0;0;0;0;0
891673;2.90;0.84;30.0;3362.0;21.0;82.5;33.0;10.98;25.72;14.39;74.62;100.46;2.31;142115.0;30.0;31.0;32.0;4513.0;1005.13;683.58;1.0;1.0;0;1.0;0;0;1.0;0;0;0;0;0;1.0;1.0;0;0;0;0;0
892192;2.24;1.00;33.0;3389.0;21.0;82.5;39.75;3.92;9.53;14.48;28.82;41.96;2.31;142115.0;33.0;34.0;32.0;4446.0;1005.13;898.42;0;1.0;0;1.0;0;0;1.0;0;0;1.0;0;0;1.0;1.0;0;0;0;0;0
892712;3.2;0.99;36.0;2836.0;21.0;82.5;24.0;7.45;22.00;14.39;15.21;22.18;2.31;142115.0;36.0;37.0;32.0;4182.0;1005.13;859.36;2.0;1.0;0;1.0;0;0;1.0;0;0;1.0;0;0;1.0;1.0;0;0;0;0;0
893230;0.86;1.00;37.0;2918.0;21.0;82.5;33.0;0.78;7.34;14.48;7.98;11.65;2.31;142115.0;37.0;38.0;32.0;4351.0;1005.13;859.36;2.0;1.0;0;1.0;0;0;1.0;0;0;1.0;0;0;1.0;1.0;0;0;0;0;0
893749;1.85;1.00;35.0;2825.0;21.0;82.5;27.75;1.96;9.75;14.29;4.41;6.13;2.58;142115.0;36.0;35.0;32.0;4231.0;1005.13;19.53;2.0;1.0;0;1.0;0;0;1.0;0;0;1.0;0;0;1.0;1.0;0;0;0;0;0
894269;2.40;1.00;36.0;2807.0;21.0;82.5;19.5;4.70;14.61;14.39;2.26;3.18;2.31;142115.0;35.0;36.0;32.0;4211.0;1005.13;859.36;2.0;1.0;0;1.0;0;0;1.0;0;0;1.0;0;0;1.0;1.0;0;0;0;0;0
894788;2.84;0.99;37.0;2940.0;21.0;81.75;30.75;6.66;20.52;14.48;0.99;1.42;2.31;142115.0;37.0;37.0;32.0;4352.0;1005.13;859.36;2.0;1.0;0;1.0;0;0;1.0;0;0;1.0;0;0;1.0;1.0;0;0;0;0;0
895308;2.58;0.95;38.0;3052.0;21.0;81.75;34.5;6.27;20.10;14.39;0.39;0.66;2.31;142115.0;39.0;39.0;32.0;4473.0;1005.13;839.83;2.0;1.0;0;1.0;0;0;1.0;0;0;1.0;0;0;1.0;1.0;0;0;0;0;0
895826;0.68;1.00;38.0;2937.0;21.0;81.75;-30.0;0;0;14.39;0.13;2.12;2.31;142115.0;39.0;38.0;32.0;4577.0;1005.13;0;2.0;1.0;0;1.0;0;0;1.0;0;0;1.0;0;0;1.0;1.0;0;0;0;0;0
896345;0.74;1.00;35.0;2752.0;21.0;81.75;-30.0;0;0;14.39;2.20;1.05;2.31;142115.0;36.0;36.0;32.0;4598.0;1005.13;0;2.0;1.0;0;1.0;0;0;1.0;0;0;1.0;0;0;1.0;1.0;0;0;0;0;0
896864;3.00;1.00;33.0;2647.0;21.0;81.75;-3.0;5.88;10.38;14.39;1.07;0.54;2.31;142115.0;34.0;34.0;32.0;4200.0;1005.13;859.36;2.0;1.0;0;1.0;0;0;1.0;0;0;1.0;0;0;1.0;1.0;0;0;0;0;0
897383;0.90;1.00;32.0;2621.0;21.0;81.0;9.75;0;9.18;14.39;7.36;2.53;2.31;142115.0;33.0;33.0;32.0;4277.0;1005.13;800.77;2.0;1.0;0;1.0;0;0;1.0;0;0;1.0;0;0;1.0;1.0;0;0;0;0;0
897903;1.89;0.99;31.0;2562.0;21.0;81.0;15.0;2.74;10.41;14.39;4.27;4.10;2.31;142115.0;32.0;32.0;32.0;4362.0;1005.13;859.36;2.0;1.0;0;1.0;0;0;1.0;0;0;1.0;0;0;1.0;1.0;0;0;0;0;0
898421;2.43;0.96;32.0;2599.0;21.0;81.0;22.5;4.70;16.97;14.48;2.30;2.34;2.31;142115.0;33.0;33.0;32.0;4444.0;1005.13;839.83;2.0;1.0;0;1.0;0;0;1.0;0;0;1.0;0;0;1.0;1.0;0;0;0;0;0
898940;2.58;0.93;35.0;2750.0;21.0;81.0;30.0;6.27;20.02;14.39;2.57;3.22;2.31;142115.0;34.0;35.0;32.0;4460.0;1005.13;839.83;2.0;1.0;0;1.0;0;0;1.0;0;0;1.0;0;0;1.0;1.0;0;0;0;0;0
899460;3.81;1.00;37.0;2928.0;21.0;81.0;30.0;10.58;25.77;14.39;2.57;1.60;2.31;142115.0;37.0;37.0;32.0;4483.0;1005.13;839.83;2.0;1.0;0;1.0;0;0;1.0;0;0;1.0;0;0;1.0;1.0;0;0;0;0;0
899979;4.36;0.95;41.0;3244.0;21.0;81.0;27.75;15.68;29.34;14.29;1.26;0.70;2.58;142115.0;41.0;42.0;32.0;4504.0;1005.13;820.30;2.0;1.0;0;1.0;0;0;1.0;0;0;1.0;0;0;1.0;1.0;0;0;0;0;0
900499;6.84;1.00;47.0;3758.0;21.0;81.0;16.5;30.98;42.41;14.29;1.60;0.19;2.58;142115.0;46.0;48.0;32.0;4592.0;1005.13;800.77;2.0;1.0;0;1.0;0;0;1.0;0;0;1.0;0;0;1.0;1.0;0;0;0;0;0
901017;6.21;0.96;55.0;4312.0;21.0;81.0;18.0;34.90;44.40;14.29;0.54;0;2.58;142115.0;54.0;56.0;32.0;4697.0;1005.13;742.17;2.0;1.0;0;1.0;0;0;1.0;0;0;1.0;0;0;1.0;1.0;0;0;0;0;0
901537;3.94;1.00;57.0;3548.0;21.0;81.0;33.0;13.72;28.06;14.39;0.11;0;2.31;142115.0;57.0;58.0;32.0;4196.0;1005.13;800.77;3.0;1.0;0;1.0;0;0;1.0;0;0;1.0;0;0;1.0;1.0;0;0;0;0;0
902056;2.91;1.00;60.0;3654.0;21.0;81.0;39.0;8.23;21.79;14.39;0;0;2.31;142115.0;59.0;60.0;32.0;4254.0;1005.13;820.30;3.0;1.0;0;1.0;0;0;1.0;0;0;1.0;0;0;1.0;1.0;0;0;0;0;0
902576;1.48;0.99;60.0;3668.0;21.0;81.0;42.0;3.52;10.82;14.39;1.75;0;2.31;142115.0;60.0;60.0;32.0;4399.0;1005.13;820.30;3.0;1.0;0;1.0;0;0;1.0;0;0;1.0;0;0;1.0;1.0;0;0;0;0;0
903094;1.25;0.98;58.0;3595.0;21.0;81.0;41.25;2.35;9.06;14.39;0.56;0;2.31;142115.0;59.0;59.0;32.0;4473.0;1005.13;820.30;3.0;1.0;0;1.0;0;0;1.0;0;0;1.0;0;0;1.0;1.0;0;0;0;0;0
903612;1.19;0.96;57.0;3524.0;21.0;81.0;40.5;2.35;8.57;14.48;0.17;0;2.31;142115.0;58.0;58.0;32.0;4519.0;1005.13;820.30;3.0;1.0;0;1.0;0;0;1.0;0;0;1.0;0;0;1.0;1.0;0;0;0;0;0
904133;1.13;0.94;57.0;3524.0;21.0;81.0;40.5;1.96;8.19;14.48;3.30;0;2.31;142115.0;57.0;57.0;32.0;4516.0;1005.13;820.30;3.0;1.0;0;1.0;0;0;1.0;0;0;1.0;0;0;1.0;1.0;0;0;0;0;0
904650;1.15;0.93;56.0;3422.0;21.0;81.0;39.0;1.96;8.53;14.39;1.48;3.86;2.31;142115.0;56.0;56.0;32.0;4521.0;1005.13;800.77;3.0;1.0;0;1.0;0;0;1.0;0;0;1.0;0;0;1.0;1.0;0;0;0;0;0
905169;1.14;0.91;55.0;3386.0;21.0;81.0;39.0;1.96;8.71;14.29;2.24;1.73;2.58;142115.0;55.0;55.0;32.0;4518.0;1005.13;800.77;3.0;1.0;0;1.0;0;0;1.0;0;0;1.0;0;0;1.0;1.0;0;0;0;0;0
905690;1.16;0.90;53.0;3239.0;21.0;80.25;37.5;1.96;9.11;14.39;0.82;1.79;2.31;142115.0;53.0;53.0;33.0;4513.0;1005.13;800.77;3.0;1.0;0;1.0;0;0;1.0;0;0;1.0;0;0;1.0;1.0;0;0;0;0;0
906209;1.2;0.88;52.0;3207.0;21.0;80.25;36.75;2.35;9.51;14.39;0.29;2.38;2.31;142115.0;52.0;53.0;33.0;4510.0;1005.13;800.77;3.0;1.0;0;1.0;0;0;1.0;0;0;1.0;0;0;1.0;1.0;0;0;0;0;0
906729;1.24;0.86;51.0;3174.0;21.0;80.25;36.0;2.35;10.07;14.29;0.03;1.11;2.58;142115.0;50.0;51.0;33.0;4514.0;1005.13;781.24;3.0;1.0;0;1.0;0;0;1.0;0;0;1.0;0;0;1.0;1.0;0;0;0;0;0
907249;1.26;0.85;51.0;3151.0;21.0;80.25;36.0;2.74;10.47;14.48;0;0.46;2.31;142115.0;50.0;51.0;33.0;4503.0;1005.13;761.70;3.0;1.0;0;1.0;0;0;1.0;0;0;1.0;0;0;1.0;1.0;0;0;0;0;0
907768;3.23;1.00;51.0;3143.0;21.0;80.25;34.5;8.23;23.39;14.39;0;1.60;2.31;142115.0;50.0;51.0;33.0;4475.0;1005.13;800.77;3.0;1.0;0;1.0;0;0;1.0;0;0;1.0;0;0;1.0;1.0;0;0;0;0;0
908287;3.00;0.95;52.0;3229.0;21.0;80.25;34.5;8.62;23.68;14.29;0;1.81;2.58;142115.0;52.0;53.0;33.0;4516.0;1005.13;800.77;3.0;1.0;0;1.0;0;0;1.0;0;0;1.0;0;0;1.0;1.0;0;0;0;0;0
908806;2.43;0.89;55.0;3302.0;21.0;80.25;38.25;6.66;20.62;14.39;0;2.14;2.31;142115.0;56.0;56.0;33.0;4531.0;1005.13;781.24;3.0;1.0;0;1.0;0;0;1.0;0;0;1.0;0;0;1.0;1.0;0;0;0;0;0
909325;0.95;0.99;55.0;3070.0;21.0;80.25;35.25;0.78;6.49;14.39;0;2.12;2.31;142115.0;55.0;55.0;33.0;4562.0;1005.13;781.24;3.0;1.0;0;1.0;0;0;1.0;0;0;0;0;0;1.0;1.0;0;0;0;0;0
909845;0.65;1.00;52.0;3249.0;21.0;80.25;-30.0;0;0;14.48;1.30;0.99;2.31;142115.0;53.0;53.0;33.0;4572.0;1005.13;332.02;3.0;1.0;0;1.0;0;0;1.0;0;0;0;0;0;1.0;1.0;0;0;0;0;0
910363;0.69;1.00;51.0;3107.0;21.0;80.25;-30.0;0;0;14.48;1.91;0.35;2.31;142115.0;51.0;51.0;33.0;4580.0;1005.13;0;3.0;1.0;0;1.0;0;0;1.0;0;0;1.0;0;0;1.0;1.0;0;0;0;0;0
910883;0.72;1.00;48.0;2978.0;21.0;80.25;-30.0;0;0;14.58;1.93;1.52;2.31;142115.0;49.0;48.0;33.0;4607.0;1005.13;0;3.0;1.0;0;1.0;0;0;1.0;0;0;1.0;0;0;1.0;1.0;0;0;0;0;0
911403;0.76;1.00;46.0;2822.0;21.0;80.25;-30.0;0;0;14.39;2.83;2.42;2.31;142115.0;47.0;47.0;33.0;4612.0;1005.13;0;3.0;1.0;0;1.0;0;0;1.0;0;0;1.0;0;0;1.0;1.0;0;0;0;0;0
911921;0.8;1.00;43.0;2687.0;21.0;80.25;-30.0;0;0;14.48;3.73;1.19;2.31;142115.0;44.0;44.0;33.0;4622.0;1005.13;0;3.0;1.0;0;1.0;0;0;1.0;0;0;1.0;0;0;1.0;1.0;0;0;0;0;0
912440;1.28;1.00;41.0;2481.0;21.0;80.25;5.25;0.39;7.72;14.39;2.01;0.58;2.31;142115.0;41.0;41.0;33.0;4395.0;1005.13;0;3.0;1.0;0;1.0;0;0;1.0;0;0;1.0;0;0;1.0;1.0;0;0;0;0;0
912960;0.83;1.00;38.0;2435.0;21.0;80.25;15.0;0;9.35;14.29;1.11;0.27;2.58;142115.0;39.0;39.0;24.0;4220.0;1005.13;703.11;2.0;1.0;0;1.0;0;0;1.0;0;0;1.0;0;0;1.0;1.0;0;0;0;0;0
913480;0.90;1.00;36.0;2800.0;21.0;80.25;10.5;0;9.24;14.48;3.00;8.94;2.31;142115.0;35.0;36.0;33.0;4336.0;1005.13;19.53;2.0;1.0;0;1.0;0;0;1.0;0;0;1.0;0;0;1.0;1.0;0;0;0;0;0
913999;0.92;1.00;31.0;2415.0;21.0;80.25;11.25;0;9.24;14.39;1.60;4.92;2.31;142115.0;31.0;31.0;28.0;4486.0;1005.13;39.06;2.0;1.0;0;1.0;0;0;1.0;0;0;1.0;0;0;1.0;1.0;0;0;0;0;0
914518;0.93;1.00;27.0;2157.0;21.0;80.25;12.75;0;9.39;14.39;20.62;36.79;2.31;142115.0;28.0;27.0;23.0;4518.0;1005.13;39.06;2.0;1.0;0;1.0;0;0;1.0;0;0;1.0;0;0;1.0;1.0;0;0;0;0;0
915037;0.95;1.00;26.0;2129.0;21.0;80.25;12.0;0;9.21;14.48;126.33;135.06;2.31;142115.0;27.0;26.0;23.0;4519.0;1005.13;19.53;2.0;1.0;0;1.0;0;0;1.0;0;0;1.0;0;0;1.0;1.0;0;0;0;0;0
915558;1.02;1.00;25.0;1975.0;21.0;80.25;11.25;0;9.22;14.39;208.56;214.28;2.31;142115.0;25.0;25.0;23.0;4504.0;1005.13;19.53;2.0;1.0;0;1.0;0;0;1.0;0;0;1.0;0;0;1.0;1.0;0;0;0;0;0
916075;1.53;1.01;25.0;1963.0;21.0;80.25;17.25;1.17;9.60;14.39;176.72;163.42;2.31;142115.0;25.0;25.0;33.0;4524.0;1005.13;878.89;2.0;1.0;0;1.0;0;0;1.0;0;0;1.0;0;0;1.0;1.0;0;0;0;0;0
916595;1.84;0.99;25.0;1990.0;21.0;80.25;17.25;1.96;12.19;14.20;109.95;120.24;2.58;142115.0;25.0;25.0;33.0;4523.0;1005.13;898.42;2.0;1.0;0;1.0;0;0;1.0;0;0;1.0;0;0;1.0;1.0;0;0;0;0;0
917113;1.78;0.98;26.0;2090.0;21.0;80.25;18.75;1.96;11.80;14.39;72.12;74.78;2.31;142115.0;27.0;27.0;33.0;4518.0;1005.13;878.89;2.0;1.0;0;1.0;0;0;1.0;0;0;1.0;0;0;1.0;1.0;0;0;0;0;0
917636;1.91;0.96;27.0;2175.0;21.0;80.25;20.25;2.35;13.12;14.39;44.84;46.48;2.31;142115.0;28.0;28.0;33.0;4501.0;1005.13;878.89;2.0;1.0;0;1.0;0;0;1.0;0;0;1.0;0;0;1.0;1.0;0;0;0;0;0
918152;2.02;0.94;28.0;2207.0;21.0;80.25;21.0;2.74;14.31;14.48;27.84;28.88;2.31;142115.0;28.0;29.0;33.0;4491.0;1005.13;859.36;2.0;1.0;0;1.0;0;0;1.0;0;0;1.0;0;0;1.0;1.0;0;0;0;0;0
918672;3.32;0.99;31.0;2409.0;21.0;80.25;23.25;7.45;23.53;14.39;14.70;16.09;2.31;142115.0;30.0;31.0;33.0;4429.0;1005.13;859.36;2.0;1.0;0;1.0;0;0;1.0;0;0;1.0;0;0;1.0;1.0;0;0;0;0;0
919192;3.34;0.96;33.0;2628.0;21.0;80.25;27.75;9.41;25.43;14.20;8.61;8.90;2.58;142115.0;33.0;34.0;33.0;4427.0;1005.13;839.83;2.0;1.0;0;1.0;0;0;1.0;0;0;1.0;0;0;1.0;1.0;0;0;0;0;0
919712;3.22;0.91;37.0;2958.0;21.0;80.25;30.75;10.58;26.21;14.29;4.47;4.92;2.58;142115.0;37.0;38.0;33.0;4508.0;1005.13;800.77;2.0;1.0;0;1.0;0;0;1.0;0;0;1.0;0;0;1.0;1.0;0;0;0;0;0
920237;2.96;0.86;41.0;3234.0;21.0;80.25;32.25;10.58;25.70;14.20;2.14;2.40;2.58;142115.0;41.0;42.0;33.0;4534.0;1005.13;546.86;2.0;1.0;0;1.0;0;0;1.0;0;0;1.0;0;0;1.0;1.0;0;0;0;0;0
920750;2.92;0.88;45.0;3478.0;21.0;80.25;35.25;10.58;25.05;14.29;0.99;1.05;2.58;142115.0;43.0;45.0;33.0;4510.0;1005.13;644.52;2.0;1.0;0;1.0;0;0;1.0;0;0;1.0;0;0;1.0;1.0;0;0;0;0;0
921269;2.00;0.85;47.0;3749.0;21.0;80.25;39.0;0.78;22.29;14.39;0.27;1.26;2.31;142115.0;47.0;48.0;33.0;4619.0;1005.13;78.12;2.0;1.0;0;1.0;0;0;1.0;0;0;1.0;0;0;1.0;1.0;0;0;0;0;0
921789;4.53;1.00;48.0;3015.0;21.0;80.25;22.5;14.11;28.72;14.39;0.01;1.79;2.31;142115.0;48.0;49.0;33.0;4185.0;1005.13;839.83;3.0;1.0;0;1.0;0;0;1.0;0;0;1.0;0;0;1.0;1.0;0;0;0;0;0
922308;4.24;0.97;52.0;3237.0;21.0;80.25;27.0;16.86;31.66;14.39;0;2.71;2.31;142115.0;51.0;53.0;33.0;4292.0;1005.13;800.77;3.0;1.0;0;1.0;0;0;1.0;0;0;1.0;0;0;1.0;1.0;0;0;0;0;0
922849;3.52;0.97;55.0;3416.0;21.0;80.25;32.25;11.76;26.59;14.39;2.08;1.19;2.31;142115.0;55.0;56.0;33.0;4387.0;1005.13;820.30;3.0;1.0;0;1.0;0;0;1.0;0;0;1.0;0;0;1.0;1.0;0;0;0;0;0
923347;2.15;0.96;57.0;3511.0;21.0;80.25;39.75;6.27;18.41;14.39;0.72;1.66;2.31;142115.0;57.0;58.0;33.0;4495.0;1005.13;820.30;3.0;1.0;0;1.0;0;0;1.0;0;0;1.0;0;0;1.0;1.0;0;0;0;0;0
923868;1.76;0.98;58.0;3546.0;21.0;80.25;40.5;4.31;13.22;14.29;0.25;0.68;2.58;142115.0;57.0;58.0;33.0;4526.0;1005.13;839.83;3.0;1.0;0;1.0;0;0;1.0;0;0;1.0;0;0;1.0;1.0;0;0;0;0;0
924386;1.64;0.96;57.0;3543.0;21.0;80.25;40.5;3.92;12.29;14.39;1.11;0.23;2.31;142115.0;57.0;58.0;33.0;4510.0;1005.13;820.30;3.0;1.0;0;1.0;0;0;1.0;0;0;1.0;0;0;1.0;1.0;0;0;0;0;0
924905;1.18;0.94;57.0;3482.0;21.0;80.25;39.75;2.35;8.91;14.39;0.42;1.79;2.31;142115.0;57.0;58.0;33.0;4541.0;1005.13;820.30;3.0;1.0;0;1.0;0;0;1.0;0;0;1.0;0;0;1.0;1.0;0;0;0;0;0
925425;1.03;0.93;56.0;3434.0;21.0;80.25;39.0;1.56;7.53;14.39;0.09;0.76;2.31;142115.0;56.0;57.0;33.0;4528.0;1005.13;820.30;3.0;1.0;0;1.0;0;0;1.0;0;0;0;0;0;1.0;1.0;0;0;0;0;0
925943;0.66;1.00;53.0;3333.0;21.0;80.25;-30.0;0;0;14.58;0;0.27;2.31;142115.0;54.0;54.0;33.0;4569.0;1005.13;58.59;3.0;1.0;0;1.0;0;0;1.0;0;0;0;0;0;1.0;1.0;0;0;0;0;0
926463;0.68;1.00;52.0;3183.0;21.0;80.25;-30.0;0;0;14.48;0;2.08;2.31;142115.0;53.0;52.0;33.0;4560.0;1005.13;0;3.0;1.0;0;1.0;0;0;1.0;0;0;0;0;0;1.0;1.0;0;0;0;0;0
926982;0.70;1.00;50.0;3086.0;21.0;80.25;-30.0;0;0;14.48;0;2.55;2.31;142115.0;50.0;51.0;33.0;4570.0;1005.13;0;3.0;1.0;0;1.0;0;0;1.0;0;0;0;0;0;1.0;1.0;0;0;0;0;0
927502;2.74;1.00;48.0;2943.0;21.0;80.25;10.5;3.92;9.34;14.39;0;1.26;2.31;142115.0;49.0;48.0;33.0;4288.0;1005.13;878.89;3.0;1.0;0;1.0;0;0;1.0;0;0;1.0;0;0;1.0;1.0;0;0;0;0;0
928035;2.60;1.00;48.0;2951.0;21.0;80.25;10.5;5.49;13.43;14.29;0;0.54;2.58;142115.0;48.0;49.0;33.0;4217.0;1005.13;859.36;3.0;1.0;0;1.0;0;0;1.0;0;0;1.0;0;0;1.0;1.0;0;0;0;0;0
928720;2.4;0.96;50.0;3035.0;21.0;80.25;21.75;5.49;15.90;14.39;0;0.15;2.31;142115.0;49.0;50.0;33.0;4371.0;1005.13;839.83;3.0;1.0;0;1.0;0;0;1.0;0;0;1.0;0;0;1.0;1.0;0;0;0;0;0
929298;2.20;0.92;51.0;3112.0;21.0;80.25;36.0;5.49;17.73;14.29;0;1.19;2.58;142115.0;50.0;51.0;33.0;4491.0;1005.13;820.30;3.0;1.0;0;1.0;0;0;1.0;0;0;1.0;0;0;1.0;1.0;0;0;0;0;0
929816;0.95;0.89;51.0;3007.0;21.0;80.25;34.5;1.17;7.57;14.39;0;0.50;2.31;142115.0;51.0;51.0;33.0;4534.0;1005.13;839.83;3.0;1.0;0;1.0;0;0;1.0;0;0;1.0;0;0;1.0;1.0;0;0;0;0;0
930407;0.72;1.00;50.0;2998.0;21.0;80.25;-30.0;0;0;14.39;0;0.19;2.31;142115.0;50.0;49.0;33.0;4563.0;1005.13;488.27;3.0;1.0;0;1.0;0;0;1.0;0;0;1.0;0;0;1.0;1.0;0;0;0;0;0
930973;0.76;1.00;47.0;2880.0;21.0;80.25;-30.0;0;0;14.48;0;0;2.31;142115.0;47.0;47.0;33.0;4615.0;1005.13;0;3.0;1.0;0;1.0;0;0;1.0;0;0;1.0;0;0;1.0;1.0;0;0;0;0;0
931495;0.80;1.00;43.0;2652.0;21.0;80.25;-30.0;0;0;14.48;1.66;0;2.31;142115.0;43.0;43.0;33.0;4615.0;1005.13;0;3.0;1.0;0;1.0;0;0;1.0;0;0;1.0;0;0;1.0;1.0;0;0;0;0;0
932011;0.91;1.00;38.0;2374.0;21.0;80.25;12.0;0;9.22;14.39;7.81;0;2.31;142115.0;39.0;39.0;25.0;4242.0;1005.13;0;3.0;1.0;0;1.0;0;0;1.0;0;0;1.0;0;0;1.0;1.0;0;0;0;0;0
932533;1.28;1.00;35.0;2160.0;21.0;80.25;20.25;0.39;7.93;14.39;77.43;66.98;2.31;142115.0;35.0;35.0;33.0;4287.0;1005.13;19.53;3.0;1.0;0;1.0;0;0;1.0;0;0;1.0;0;0;1.0;1.0;0;0;0;0;0
933050;1.0;1.00;35.0;1966.0;21.0;80.25;12.0;0;9.41;14.29;62.96;52.61;2.58;142115.0;34.0;35.0;23.0;4397.0;1005.13;878.89;3.0;1.0;0;1.0;0;0;1.0;0;0;1.0;0;0;1.0;1.0;0;0;0;0;0
933570;0.96;1.00;32.0;2504.0;21.0;80.25;7.5;0;9.19;14.48;81.71;43.66;2.31;142115.0;32.0;32.0;33.0;4441.0;1005.13;585.93;2.0;1.0;0;1.0;0;0;1.0;0;0;1.0;0;0;1.0;1.0;0;0;0;0;0
934089;0.85;1.00;30.0;2371.0;21.0;80.25;14.25;0;9.31;14.48;73.10;42.20;2.31;142115.0;31.0;30.0;23.0;4513.0;1005.13;19.53;2.0;1.0;0;1.0;0;0;1.0;0;0;1.0;0;0;1.0;1.0;0;0;0;0;0
934609;0.90;1.00;28.0;2227.0;21.0;80.25;13.5;0;9.37;14.39;91.94;50.19;2.31;142115.0;29.0;29.0;23.0;4549.0;1005.13;19.53;2.0;1.0;0;1.0;0;0;1.0;0;0;1.0;0;0;1.0;1.0;0;0;0;0;0
935128;0.96;1.00;26.0;2116.0;21.0;80.25;12.75;0;9.41;14.39;93.37;149.40;2.31;142115.0;27.0;27.0;23.0;4514.0;1005.13;19.53;2.0;1.0;0;1.0;0;0;1.0;0;0;1.0;0;0;1.0;1.0;0;0;0;0;0
935655;1.02;1.00;23.0;1919.0;21.0;80.25;12.0;0;9.36;14.39;114.30;149.99;2.31;142116.0;24.0;24.0;23.0;4516.0;1005.13;39.06;2.0;1.0;0;1.0;0;0;1.0;0;0;1.0;0;0;1.0;1.0;0;0;0;0;0
936166;1.14;1.00;21.0;1727.0;21.0;80.25;12.0;0;9.28;14.39;137.56;185.73;2.31;142116.0;22.0;22.0;24.0;4505.0;1005.13;527.33;2.0;1.0;0;1.0;0;0;1.0;0;0;1.0;0;0;1.0;1.0;0;0;0;0;0
936735;1.28;1.00;20.0;1523.0;21.0;80.25;12.0;0;9.37;14.39;117.96;175.96;2.31;142116.0;19.0;20.0;24.0;4482.0;1005.13;839.83;2.0;1.0;0;1.0;0;0;1.0;0;0;1.0;0;0;1.0;1.0;0;0;0;0;0
937309;2.12;0.98;17.0;1480.0;21.0;80.25;8.25;1.56;11.42;14.39;95.57;149.71;2.31;142116.0;18.0;18.0;33.0;4548.0;1005.13;859.36;2.0;1.0;0;1.0;0;0;1.0;0;0;1.0;0;0;1.0;1.0;0;0;0;0;0
937846;1.93;0.96;17.0;1671.0;21.0;80.25;12.0;1.56;11.82;14.48;66.05;109.09;2.31;142116.0;18.0;18.0;33.0;4547.0;1005.13;859.36;2.0;1.0;0;1.0;0;0;1.0;0;0;1.0;0;0;1.0;1.0;0;0;1.0;0;0
938546;1.26;0.99;17.0;1519.0;21.0;80.25;12.0;0;9.28;14.29;47.14;79.68;2.58;142116.0;17.0;18.0;23.0;4457.0;1005.13;839.83;0;1.0;0;1.0;0;0;1.0;0;0;1.0;0;0;1.0;1.0;0;0;0;0;0
939190;1.13;0.99;16.0;1770.0;21.0;80.25;10.5;0;9.20;14.48;100.40;102.00;2.31;142116.0;16.0;16.0;23.0;4541.0;1005.13;820.30;1.0;1.0;0;1.0;0;0;1.0;0;0;1.0;0;0;1.0;1.0;0;0;0;0;0
939762;1.68;0.97;13.0;1607.0;21.0;80.25;13.5;0.39;10.68;14.48;145.10;119.34;2.31;142116.0;14.0;14.0;33.0;4512.0;1005.13;820.30;1.0;1.0;0;1.0;0;0;1.0;0;0;1.0;0;0;1.0;1.0;0;0;0;0;0
940418;1.51;0.95;13.0;1564.0;21.0;80.25;13.5;0.39;9.58;14.48;95.16;78.25;2.31;142116.0;14.0;14.0;33.0;4493.0;1005.13;800.77;1.0;1.0;0;1.0;0;0;1.0;0;0;1.0;0;0;1.0;1.0;0;0;0;0;0
941009;1.33;0.93;13.0;1420.0;21.0;80.25;12.0;0;9.44;14.39;59.17;48.66;2.31;142116.0;13.0;13.0;24.0;4467.0;1005.13;800.77;1.0;1.0;0;1.0;0;0;1.0;0;0;1.0;0;0;1.0;1.0;0;0;0;0;0
941647;1.36;0.92;12.0;1342.0;21.0;80.25;11.25;0;9.09;14.48;93.19;72.43;2.31;142116.0;13.0;12.0;23.0;4502.0;1005.13;761.70;1.0;1.0;0;1.0;0;0;1.0;0;0;1.0;0;0;1.0;1.0;0;0;0;0;0
942328;1.36;0.90;11.0;1325.0;21.0;80.25;10.5;0;8.99;14.48;141.18;144.05;2.31;142116.0;10.0;11.0;23.0;4515.0;1005.13;234.37;1.0;1.0;0;1.0;0;0;1.0;0;0;1.0;0;0;1.0;1.0;0;0;0;0;0
942946;1.36;0.91;11.0;1330.0;21.0;80.25;10.5;0;9.01;14.39;141.69;170.45;2.31;142116.0;10.0;11.0;23.0;4514.0;1005.13;0;1.0;1.0;0;1.0;0;0;1.0;0;0;1.0;0;0;1.0;1.0;0;0;0;0;0
943560;1.32;0.93;5.0;1352.0;21.0;80.25;8.25;0;8.56;14.39;149.71;138.70;2.31;142116.0;6.0;6.0;24.0;4498.0;1005.13;19.53;1.0;1.0;0;1.0;0;0;1.0;0;0;1.0;0;0;1.0;1.0;0;0;0;0;0
944176;2.91;1.00;5.0;1945.0;21.0;80.25;16.5;4.31;17.74;14.39;131.90;123.95;2.31;142116.0;6.0;6.0;33.0;4563.0;1005.13;878.89;1.0;1.0;0;1.0;0;0;1.0;0;0;1.0;0;0;1.0;1.0;0;0;0;0;0
944904;4.56;1.00;12.0;2554.0;21.0;81.0;22.5;15.68;32.23;14.48;73.43;59.19;2.31;142116.0;12.0;13.0;32.0;4430.0;1005.13;859.36;1.0;1.0;0;1.0;0;0;1.0;0;0;1.0;0;0;1.0;1.0;0;0;0;0;0
945455;4.47;1.00;23.0;2634.0;21.0;81.0;19.5;19.61;35.99;14.48;42.45;33.10;2.31;142116.0;23.0;24.0;32.0;4488.0;1005.13;820.30;1.0;1.0;0;1.0;0;0;1.0;0;0;0;0;0;1.0;1.0;0;0;0;0;0
946135;2.4;1.00;27.0;2393.0;21.0;81.0;25.5;2.74;13.23;14.48;22.42;14.92;2.31;142116.0;27.0;27.0;32.0;4599.0;1005.13;859.36;2.0;1.0;0;1.0;0;0;1.0;0;0;1.0;0;0;1.0;1.0;0;0;0;0;0
946799;2.75;1.00;27.0;2159.0;21.0;81.0;20.25;4.31;17.98;14.39;13.00;7.44;2.31;142116.0;27.0;28.0;32.0;4212.0;1005.13;820.30;2.0;1.0;0;1.0;0;0;1.0;0;0;1.0;0;0;1.0;1.0;0;0;0;0;0
947455;2.55;1.00;27.0;2120.0;21.0;81.0;17.25;3.52;15.47;14.48;23.53;6.32;2.31;142116.0;27.0;27.0;32.0;4336.0;1005.13;839.83;2.0;1.0;0;1.0;0;0;1.0;0;0;1.0;0;0;0;1.0;0;0;0;0;0
948071;2.24;0.97;26.0;2085.0;21.0;81.0;18.75;3.13;14.99;14.48;11.77;3.08;2.31;142116.0;26.0;26.0;32.0;4497.0;1005.13;820.30;2.0;1.0;0;1.0;0;0;1.0;0;0;1.0;0;0;1.0;1.0;0;0;0;0;0
948931;1.28;0.99;26.0;1487.0;21.0;81.0;12.0;0;9.26;14.48;10.76;8.55;2.31;142116.0;26.0;26.0;23.0;4439.0;1005.13;800.77;2.0;1.0;0;1.0;0;0;1.0;0;0;1.0;0;0;1.0;1.0;0;0;0;0;0
949465;1.28;0.96;21.0;1417.0;21.0;81.0;12.0;0;9.15;14.48;76.73;24.60;2.31;142116.0;22.0;21.0;22.0;4506.0;1005.13;800.77;2.0;1.0;0;1.0;0;0;1.0;0;0;1.0;0;0;1.0;1.0;0;0;0;0;0
949986;1.24;0.95;18.0;1468.0;21.0;81.0;11.25;0;9.21;14.39;63.10;45.13;2.31;142116.0;18.0;19.0;24.0;4516.0;1005.13;781.24;2.0;1.0;0;1.0;0;0;1.0;0;0;1.0;0;0;1.0;1.0;0;0;0;0;0
950554;1.28;0.93;15.0;1389.0;21.0;81.0;12.0;0;9.32;14.29;66.81;66.73;2.58;142116.0;15.0;15.0;23.0;4504.0;1005.13;781.24;1.0;1.0;0;1.0;0;0;1.0;0;0;1.0;0;0;1.0;1.0;0;0;0;0;0
951180;1.24;0.91;11.0;1389.0;21.0;81.75;12.0;0;9.17;13.54;109.93;158.83;3.07;142116.0;11.0;12.0;22.0;4497.0;1005.13;761.70;1.0;1.0;0;1.0;0;0;1.0;0;0;1.0;0;0;1.0;1.0;0;0;0;0;0
951825;1.27;0.89;10.0;1316.0;21.0;81.75;10.5;0;8.80;14.29;162.93;208.99;2.58;142116.0;10.0;10.0;22.0;4494.0;1005.13;253.90;1.0;1.0;0;1.0;0;0;1.0;0;0;1.0;0;0;1.0;1.0;0;0;0;0;0
952460;1.36;0.90;10.0;1276.0;21.0;81.75;11.25;0;8.98;14.39;200.96;215.06;2.31;142116.0;10.0;9.0;22.0;4529.0;1005.13;0;1.0;1.0;0;1.0;0;0;1.0;0;0;1.0;0;0;1.0;1.0;0;0;0;0;0
953125;1.40;0.92;7.0;1304.0;21.0;81.75;9.0;0;8.62;14.39;228.32;208.11;2.31;142116.0;8.0;7.0;23.0;4503.0;1005.13;0;1.0;1.0;0;1.0;0;0;1.0;0;0;1.0;0;0;1.0;1.0;0;0;0;0;0
953795;1.60;0.94;6.0;1433.0;21.0;81.75;12.75;0.39;10.34;14.48;190.53;201.49;2.31;142116.0;6.0;6.0;32.0;4548.0;1005.13;820.30;1.0;1.0;0;1.0;0;0;1.0;0;0;1.0;0;0;1.0;1.0;0;0;0;0;0
954613;1.28;0.93;3.0;1445.0;21.0;81.75;12.0;0;9.26;14.48;124.95;133.58;2.31;142116.0;4.0;4.0;23.0;4498.0;1005.13;800.77;1.0;1.0;0;1.0;0;0;1.0;0;0;1.0;0;0;1.0;1.0;0;0;0;0;0
955133;1.63;0.90;3.0;1446.0;21.75;81.75;12.75;0.78;10.48;14.39;103.00;113.66;2.31;142116.0;0;4.0;32.0;4518.0;1005.13;800.77;1.0;1.0;0;1.0;0;0;1.0;0;0;1.0;0;0;1.0;1.0;0;0;0;0;0
955677;1.28;0.89;0;1248.0;21.75;81.75;8.25;0;9.14;14.39;93.95;95.52;2.31;142116.0;0;0;21.0;4538.0;1005.13;781.24;1.0;1.0;0;1.0;0;0;1.0;0;0;1.0;0;0;1.0;1.0;0;0;0;0;0
956360;1.37;0.88;2.0;1259.0;21.75;81.75;10.5;0;9.21;14.39;75.11;69.58;2.31;142116.0;3.0;3.0;23.0;4506.0;1005.13;0;1.0;1.0;0;1.0;0;0;1.0;0;0;1.0;0;0;1.0;1.0;0;0;0;0;0
957033;1.68;0.90;3.0;1278.0;21.75;81.75;11.25;0.39;9.14;14.39;76.94;75.11;2.31;142116.0;4.0;0;26.0;4508.0;1005.13;0;1.0;1.0;0;1.0;0;0;1.0;0;0;1.0;0;0;1.0;1.0;0;0;0;0;0
957751;1.77;0.92;5.0;1536.0;21.75;81.75;12.75;1.17;11.39;14.39;76.24;83.80;2.31;142116.0;5.0;4.0;32.0;4533.0;1005.13;820.30;1.0;1.0;0;1.0;0;0;1.0;0;0;1.0;0;0;1.0;1.0;0;0;0;0;0
958291;1.80;0.90;6.0;1517.0;21.75;81.75;13.5;1.17;12.03;14.39;47.39;52.06;2.31;142116.0;6.0;5.0;32.0;4512.0;1005.13;820.30;1.0;1.0;0;1.0;0;0;1.0;0;0;1.0;0;0;1.0;1.0;0;0;0;0;0
958860;1.23;0.88;5.0;1332.0;21.75;81.75;12.0;0;9.31;14.39;50.44;43.59;2.31;142116.0;6.0;6.0;22.0;4498.0;1005.13;800.77;1.0;1.0;0;1.0;0;0;1.0;0;0;1.0;0;0;1.0;1.0;0;0;0;0;0
959476;1.28;0.87;5.0;1317.0;21.75;81.75;9.0;0;8.74;14.39;121.82;45.27;2.31;142116.0;5.0;5.0;24.0;4504.0;1005.13;19.53;1.0;1.0;0;1.0;0;0;1.0;0;0;1.0;0;0;1.0;1.0;0;0;0;0;0
960093;1.28;0.89;2.0;1338.0;21.75;82.5;6.75;0;8.32;14.39;114.19;68.55;2.31;142116.0;3.0;3.0;23.0;4514.0;1005.13;0;1.0;1.0;0;1.0;0;0;1.0;0;0;1.0;0;0;1.0;1.0;0;0;0;0;0
960705;1.40;0.91;0;1223.0;21.75;82.5;14.25;0;9.65;14.39;143.60;90.63;2.31;142116.0;0;0;22.0;4508.0;1005.13;19.53;1.0;1.0;0;1.0;0;0;1.0;0;0;1.0;0;0;1.0;1.0;0;0;0;0;0
961251;1.40;0.93;0;1296.0;21.75;82.5;9.75;0;8.76;14.39;123.37;74.23;2.31;142116.0;0;0;22.0;4507.0;1005.13;19.53;1.0;1.0;0;1.0;1.0;0;1.0;0;0;1.0;0;0;1.0;1.0;0;0;1.0;0;0
961862;1.36;0.95;0;1266.0;21.75;82.5;12.0;0;9.17;14.48;171.82;115.94;2.31;142116.0;0;0;22.0;4518.0;1005.13;39.06;1.0;1.0;0;1.0;1.0;0;1.0;0;0;1.0;0;0;1.0;1.0;0;0;1.0;0;0
962465;1.41;0.97;0;1224.0;21.75;82.5;14.25;0;9.45;14.48;147.66;116.02;2.31;142116.0;0;0;22.0;4506.0;1005.13;39.06;1.0;1.0;0;1.0;1.0;0;1.0;0;0;1.0;0;0;1.0;1.0;0;0;1.0;0;0
963020;1.36;0.98;0;1261.0;21.75;82.5;12.0;0;9.06;14.48;108.74;98.45;2.31;142116.0;0;0;21.0;4524.0;1005.13;39.06;0;1.0;0;1.0;0;0;1.0;0;0;1.0;0;0;1.0;1.0;0;0;1.0;0;0
963634;1.37;1.00;0;1267.0;21.75;82.5;12.0;0;9.06;14.48;87.02;68.04;2.31;142116.0;0;0;21.0;4518.0;1005.13;58.59;0;1.0;0;1.0;0;0;1.0;0;0;1.0;0;0;1.0;1.0;0;0;1.0;0;0
964294;1.44;1.00;0;1201.0;21.75;82.5;17.25;0;9.75;14.58;74.64;53.08;2.31;142116.0;0;0;21.0;4555.0;1005.13;58.59;0;1.0;0;1.0;0;1.0;0;0;0;0;0;0;0;1.0;0;1.0;0;0;0
964961;1.95;1.00;0;52.0;21.75;82.5;10.5;0;59.68;13.92;67.16;47.75;2.82;142116.0;0;0;103.0;4585.0;1005.13;78.12;0;1.0;0;1.0;0;1.0;0;0;0;0;0;0;0;0;0;1.0;0;0;0
965609;1.95;1.00;0;0;21.75;82.5;10.5;0;59.68;13.82;67.16;47.75;2.82;142116.0;0;0;103.0;4589.0;1005.13;78.12;0;1.0;0;1.0;0;1.0;0;0;0;0;0;0;0;0;0;0;1.0;0;0
966153;1.95;1.00;0;0;21.75;82.5;10.5;0;59.68;13.73;67.16;47.75;2.82;142116.0;0;0;103.0;4591.0;1005.13;97.65;0;1.0;0;1.0;0;0;0;0;0;0;0;0;0;0;0;0;1.0;0;0
966726;1.95;1.00;0;0;21.75;82.5;10.5;0;59.68;13.73;67.16;47.75;2.82;142116.0;0;0;103.0;4592.0;1005.13;97.65;0;1.0;0;1.0;0;0;0;0;0;0;0;0;0;0;0;0;1.0;0;0
967268;1.95;1.00;0;0;21.75;82.5;10.5;0;59.68;13.63;67.16;47.75;2.82;142116.0;0;0;103.0;4592.0;1005.13;97.65;0;0;1.0;0;0;0;0;0;0;0;0;0;0;0;0;0;1.0;0;0
967948;1.95;1.00;0;0;21.75;82.5;10.5;0;59.68;13.73;67.16;47.75;2.82;142116.0;0;0;103.0;4593.0;1005.13;117.18;0;0;1.0;0;0;0;0;0;0;0;0;0;0;0;0;0;1.0;0;0
968501;1.95;1.00;0;0;21.75;82.5;10.5;0;59.68;13.73;67.16;47.75;2.82;142116.0;0;0;103.0;4592.0;1005.13;117.18;0;0;1.0;0;0;0;0;0;0;0;0;0;0;0;0;0;1.0;0;0
969101;1.95;1.00;0;0;21.75;82.5;10.5;0;59.68;13.73;67.16;47.75;2.82;142116.0;0;0;103.0;4594.0;1005.13;117.18;0;0;1.0;0;0;0;0;0;0;0;0;0;0;0;0;0;1.0;0;0
969771;1.95;1.00;0;0;21.75;83.25;10.5;0;59.68;13.73;67.16;47.75;2.82;142116.0;0;0;102.0;4597.0;1005.13;117.18;0;0;1.0;0;0;0;0;0;0;0;0;0;0;0;0;0;1.0;0;0
970319;1.95;1.00;0;0;21.75;83.25;10.5;0;59.68;13.63;67.16;47.75;2.82;142116.0;0;0;102.0;4598.0;1005.13;117.18;0;0;1.0;0;0;0;0;0;0;0;0;0;0;0;0;0;1.0;0;0
970884;1.95;1.00;0;0;21.75;83.25;10.5;0;59.68;13.63;67.16;47.75;2.82;142116.0;0;0;102.0;4598.0;1005.13;136.71;0;0;1.0;0;0;0;0;0;0;0;0;0;0;0;0;0;1.0;0;0
971548;1.95;1.00;0;0;21.75;83.25;10.5;0;59.68;13.63;67.16;47.75;2.82;142116.0;0;0;102.0;4598.0;1005.13;136.71;0;0;1.0;0;0;0;0;0;0;0;0;0;0;0;0;0;1.0;0;0
972228;1.95;1.00;0;0;21.75;83.25;10.5;0;59.68;13.63;67.16;47.75;2.82;142116.0;0;0;102.0;4598.0;1005.13;136.71;0;0;1.0;0;0;0;0;0;0;0;0;0;0;0;0;0;1.0;0;0
972819;1.95;1.00;0;0;21.75;83.25;10.5;0;59.68;13.63;67.16;47.75;2.82;142116.0;0;0;102.0;4600.0;1005.13;136.71;0;0;1.0;0;0;0;0;0;0;0;0;0;0;0;0;0;1.0;0;0
973434;1.95;1.00;0;0;21.75;83.25;10.5;0;59.68;13.63;67.16;47.75;2.82;142116.0;0;0;102.0;4604.0;1005.13;136.71;0;0;1.0;0;0;0;0;0;0;0;0;0;0;0;0;0;1.0;0;0
974050;1.95;1.00;0;0;21.75;83.25;10.5;0;59.68;13.54;67.16;47.75;3.07;142116.0;0;0;102.0;4599.0;1005.13;156.24;0;0;1.0;0;0;0;0;0;0;0;0;0;0;0;0;0;1.0;0;0
974707;1.95;1.00;0;0;21.75;83.25;10.5;0;59.68;13.54;67.16;47.75;3.07;142116.0;0;0;102.0;4598.0;1005.13;156.24;0;0;1.0;0;0;0;0;0;0;0;0;0;0;0;0;0;1.0;0;0
975203;1.95;1.00;0;0;21.75;83.25;10.5;0;59.68;13.54;67.16;47.75;3.07;142116.0;0;0;102.0;4599.0;1005.13;156.24;0;0;1.0;0;0;0;0;0;0;0;0;0;0;0;0;0;1.0;0;0
975817;1.95;1.00;0;0;21.75;83.25;10.5;0;59.68;13.54;67.16;47.75;3.07;142116.0;0;0;102.0;4598.0;1005.13;156.24;0;0;1.0;0;0;0;0;0;0;0;0;0;0;0;0;0;1.0;0;0
976490;1.95;1.00;0;0;21.75;83.25;10.5;0;59.68;13.54;67.16;47.75;3.07;142116.0;0;0;102.0;4598.0;1005.13;156.24;0;0;1.0;0;0;0;0;0;0;0;0;0;0;0;0;0;1.0;0;0
977093;1.95;1.00;0;0;21.75;83.25;10.5;0;59.68;13.54;67.16;47.75;3.07;142116.0;0;0;102.0;4599.0;1005.13;156.24;0;0;1.0;0;0;0;0;0;0;0;0;0;0;0;0;0;1.0;0;0
977784;1.95;1.00;0;0;21.75;83.25;10.5;0;59.68;13.44;67.16;47.75;3.07;142116.0;0;0;102.0;4603.0;1005.13;175.77;0;0;1.0;0;0;0;0;0;0;0;0;0;0;0;0;0;1.0;0;0
978461;1.95;1.00;0;0;21.75;83.25;10.5;0;59.68;13.44;67.16;47.75;3.07;142116.0;0;0;102.0;4604.0;1005.13;175.77;0;0;1.0;0;0;0;0;0;0;0;0;0;0;0;0;0;1.0;0;0
979028;1.95;1.00;0;0;21.75;83.25;10.5;0;59.68;13.44;67.16;47.75;3.07;142116.0;0;0;102.0;4604.0;1005.13;175.77;0;0;1.0;0;0;0;0;0;0;0;0;0;0;0;0;0;1.0;0;0
979632;1.95;1.00;0;0;21.75;83.25;10.5;0;59.68;13.44;67.16;47.75;3.07;142116.0;0;0;102.0;4604.0;1005.13;175.77;0;0;1.0;0;0;0;0;0;0;0;0;0;0;0;0;0;1.0;0;0
980189;1.95;1.00;0;0;21.75;83.25;10.5;0;59.68;13.44;67.16;47.75;3.07;142116.0;0;0;102.0;4604.0;1005.13;175.77;0;0;1.0;0;0;0;0;0;0;0;0;0;0;0;0;0;1.0;0;0
980752;1.95;1.00;0;0;21.75;83.25;10.5;0;59.68;13.35;67.16;47.75;3.07;142116.0;0;0;102.0;4604.0;1005.13;175.77;0;0;1.0;0;0;0;0;0;0;0;0;0;0;0;0;0;1.0;0;0
981415;1.95;1.00;0;0;21.75;83.25;10.5;0;59.68;13.35;67.16;47.75;3.07;142116.0;0;0;102.0;4604.0;1005.13;195.31;0;0;1.0;0;0;0;0;0;0;0;0;0;0;0;0;0;1.0;0;0
982026;1.95;1.00;0;0;21.75;83.25;10.5;0;59.68;13.35;67.16;47.75;3.07;142116.0;0;0;102.0;4604.0;1005.13;195.31;0;0;1.0;0;0;0;0;0;0;0;0;0;0;0;0;0;1.0;0;0
982593;1.95;1.00;0;0;21.75;83.25;10.5;0;59.68;13.35;67.16;47.75;3.07;142116.0;0;0;102.0;4605.0;1005.13;195.31;0;0;1.0;0;0;0;0;0;0;0;0;0;0;0;0;0;1.0;0;0
983327;1.95;1.00;0;0;21.75;83.25;10.5;0;59.68;13.35;67.16;47.75;3.07;142116.0;0;0;102.0;4608.0;1005.13;195.31;0;0;1.0;0;0;0;0;0;0;0;0;0;0;0;0;0;1.0;0;0
984293;1.95;1.00;0;0;21.75;83.25;10.5;0;59.68;13.35;67.16;47.75;3.07;142116.0;0;0;102.0;4610.0;1005.13;195.31;0;0;1.0;0;0;0;0;0;0;0;0;0;0;0;0;0;1.0;0;0
984812;1.95;1.00;0;0;21.75;83.25;10.5;0;59.68;13.25;67.16;47.75;3.07;142116.0;0;0;102.0;4610.0;1005.13;195.31;0;0;1.0;0;0;0;0;0;0;0;0;0;0;0;0;0;1.0;0;0
985395;1.95;1.00;0;0;21.75;83.25;10.5;0;59.68;13.25;67.16;47.75;3.07;142116.0;0;0;102.0;4610.0;1005.13;214.84;0;0;1.0;0;0;0;0;0;0;0;0;0;0;0;0;0;1.0;0;0
986034;1.95;1.00;0;0;21.75;83.25;10.5;0;59.68;13.25;67.16;47.75;3.07;142116.0;0;0;102.0;4610.0;1005.13;214.84;0;0;1.0;0;0;0;0;0;0;0;0;0;0;0;0;0;1.0;0;0
986654;1.95;1.00;0;0;21.75;83.25;10.5;0;59.68;13.25;67.16;47.75;3.07;142116.0;0;0;102.0;4610.0;1005.13;214.84;0;0;1.0;0;0;0;0;0;0;0;0;0;0;0;0;0;1.0;0;0
987173;1.95;1.00;0;0;21.75;83.25;10.5;0;59.68;13.25;67.16;47.75;3.07;142116.0;0;0;102.0;4612.0;1005.13;214.84;0;0;1.0;0;0;0;0;0;0;0;0;0;0;0;0;0;1.0;0;0
987768;1.95;1.00;0;0;21.75;83.25;10.5;0;59.68;13.25;67.16;47.75;3.07;142116.0;0;0;102.0;4615.0;1005.13;214.84;0;0;1.0;0;0;0;0;0;0;0;0;0;0;0;0;0;1.0;0;0
988423;1.95;1.00;0;0;21.75;83.25;10.5;0;59.68;13.25;67.16;47.75;3.07;142116.0;0;0;102.0;4616.0;1005.13;214.84;0;0;1.0;0;0;0;0;0;0;0;0;0;0;0;0;0;1.0;0;0
989036;1.95;1.00;0;0;21.75;83.25;10.5;0;59.68;13.16;67.16;47.75;3.24;142116.0;0;0;102.0;4616.0;1005.13;234.37;0;0;1.0;0;0;0;0;0;0;0;0;0;0;0;0;0;1.0;0;0
989681;1.95;1.00;0;0;21.75;83.25;10.5;0;59.68;13.16;67.16;47.75;3.24;142116.0;0;0;102.0;4618.0;1005.13;234.37;0;0;1.0;0;0;0;0;0;0;0;0;0;0;0;0;0;1.0;0;0
990375;1.95;1.00;0;0;21.75;83.25;10.5;0;59.68;13.16;67.16;47.75;3.24;142116.0;0;0;102.0;4622.0;1005.13;234.37;0;0;1.0;0;0;0;0;0;0;0;0;0;0;0;0;0;1.0;0;0
990926;1.95;1.00;0;0;21.75;83.25;10.5;0;59.68;13.16;67.16;47.75;3.24;142116.0;0;0;102.0;4622.0;1005.13;234.37;0;0;1.0;0;0;0;0;0;0;0;0;0;0;0;0;0;1.0;0;0
991656;1.95;1.00;0;0;21.75;83.25;10.5;0;59.68;13.16;67.16;47.75;3.24;142116.0;0;0;102.0;4622.0;1005.13;234.37;0;0;1.0;0;0;0;0;0;0;0;0;0;0;0;0;0;1.0;0;0
992325;1.95;1.00;0;0;21.75;83.25;10.5;0;59.68;14.11;67.16;47.75;2.58;142116.0;0;0;39.0;4622.0;1005.13;253.90;0;0;1.0;0;0;0;0;0;0;0;0;0;0;0;0;0;1.0;0;0
993000;1.95;1.00;0;0;21.75;83.25;10.5;0;59.68;14.11;67.16;47.75;2.58;142116.0;0;0;81.0;4622.0;1005.13;253.90;0;0;1.0;0;0;0;0;0;0;0;0;0;0;0;0;0;1.0;0;0
993498;1.95;1.00;0;0;21.75;83.25;10.5;0;59.68;14.11;67.16;47.75;2.58;142116.0;0;0;46.0;4622.0;1005.13;253.90;0;0;1.0;0;0;0;0;0;0;0;0;0;0;0;0;0;1.0;0;0
994042;1.95;1.00;0;0;21.75;83.25;10.5;0;59.68;14.11;67.16;47.75;2.58;142116.0;0;0;17.0;4622.0;1005.13;253.90;0;0;1.0;0;0;0;0;0;0;0;0;0;0;0;0;0;1.0;0;0
994698;1.95;1.00;0;0;21.75;83.25;10.5;0;59.68;14.11;67.16;47.75;2.58;142116.0;0;0;44.0;4622.0;1005.13;253.90;0;0;1.0;0;0;0;0;0;0;0;0;0;0;0;0;0;1.0;0;0
995363;1.95;1.00;0;0;21.75;83.25;10.5;0;59.68;14.11;67.16;47.75;2.58;142116.0;0;0;100.0;4622.0;1005.13;273.43;0;0;1.0;0;0;0;0;0;0;0;0;0;0;0;0;0;1.0;0;0
