##;##
#2017-07-04 07:58:21
#GS-911 Android V1.1
#F800GS
#BMS-KP2
Time (ms);Injection time( ms);Lambda control factor;Speed( km/h);RPM;Intake air temperature( °C);Engine temperature( °C);Ignition angle( °KW);Throttle valve position (TPS)( %);Engine load( %);Battery voltage( V);Knock sensor 1( V);Knock sensor 2( V);Ignition dwell time( ms);Odometer( km);Front wheel speed( km/h);Rear wheel speed( km/h);Idle actuator position( steps);Fuel pressure( mbar);Ambient air pressure( mbar);Lambda sensor voltage( mV);Gear position;Sidestand switch 1;Sidestand switch 2;Sidestand switch calculated;Clutch switch;Kill switch;Oil pressure switch;Start switch;Tank venting valve (US only);Secondary air valve;Engine over-temperature light;Actuation of starter relay;Lambda sensor heating;Fuel pump;Fan motor;Engine safety cut-out (of BMSK);Starter function (of BMSK);Starter safety cut-out (of BMSK);Engine warning light (MIL)
12;0;1.00;0;0;28.5;29.25;-96.0;0;55.39;12.40;52.80;52.80;3.48;173364.0;0;0;180.0;4385.0;991.53;449.21;0;1.0;0;1.0;0;0;0;0;0;0;0;0;0;0;0;0;1.0;0;0
584;0;1.00;0;0;28.5;29.25;-96.0;0;55.39;12.40;52.80;52.80;3.48;173364.0;0;0;180.0;4385.0;991.53;449.21;0;1.0;0;1.0;0;0;0;0;0;0;0;0;0;0;0;0;1.0;0;0
1124;0;1.00;0;0;29.25;29.25;-96.0;0;55.39;12.40;52.80;52.80;3.48;173364.0;0;0;180.0;4380.0;991.53;449.21;0;1.0;0;1.0;0;0;0;0;0;0;0;0;0;0;0;0;1.0;0;0
1638;0;1.00;0;0;29.25;29.25;-96.0;0;55.39;12.40;52.80;52.80;3.48;173364.0;0;0;180.0;4378.0;991.53;449.21;0;1.0;0;1.0;0;0;0;0;0;0;0;0;0;0;0;0;1.0;0;0
2195;0;1.00;0;0;29.25;29.25;-96.0;0;55.39;12.40;52.80;52.80;3.48;173364.0;0;0;180.0;4378.0;991.53;449.21;0;1.0;0;1.0;0;0;0;0;0;0;0;0;0;0;0;0;1.0;0;0
2728;0;1.00;0;0;29.25;29.25;-96.0;0;55.39;12.40;52.80;52.80;3.48;173364.0;0;0;180.0;4373.0;991.53;449.21;0;1.0;0;1.0;0;0;0;0;0;0;0;0;0;0;0;0;1.0;0;0
3293;0;1.00;0;0;29.25;29.25;-96.0;0;55.39;12.40;52.80;52.80;3.48;173364.0;0;0;180.0;4370.0;991.53;449.21;0;1.0;0;1.0;0;0;0;1.0;0;0;0;1.0;0;0;0;0;1.0;0;0
3895;13.55;1.00;0;566.0;29.25;29.25;6.0;0;15.94;10.79;52.80;52.80;3.84;173364.0;0;0;187.0;4232.0;991.53;449.21;0;1.0;0;1.0;0;0;0;1.0;0;1.0;0;0;1.0;1.0;0;0;1.0;0;0
4464;3.73;1.00;0;1859.0;29.25;29.25;0;0;15.09;13.25;46.95;42.75;3.07;173364.0;0;0;189.0;4329.0;991.53;449.21;0;1.0;0;1.0;0;0;0;0;0;1.0;0;0;1.0;1.0;0;0;1.0;0;0
5086;3.17;1.00;0;1603.0;29.25;29.25;0.75;0;13.50;14.20;44.95;29.88;2.58;173364.0;0;0;123.0;4408.0;991.53;449.21;0;1.0;0;1.0;0;0;1.0;0;0;1.0;0;0;1.0;1.0;0;0;1.0;0;0
5651;3.09;1.00;0;1421.0;29.25;29.25;3.0;0;13.82;14.01;43.35;29.97;2.58;173364.0;0;0;103.0;4447.0;991.53;449.21;0;1.0;0;1.0;0;0;1.0;0;0;1.0;0;0;1.0;1.0;0;0;1.0;0;0
6166;2.71;1.00;0;1426.0;29.25;29.25;2.25;0;12.93;14.20;29.91;30.62;2.58;173364.0;0;0;94.0;4491.0;991.53;449.21;0;1.0;0;1.0;0;0;1.0;0;0;1.0;0;0;1.0;1.0;0;0;1.0;0;0
6706;2.57;1.00;0;1438.0;29.25;29.25;2.25;0;12.69;14.20;25.58;24.17;2.58;173364.0;0;0;91.0;4496.0;991.53;449.21;0;1.0;0;1.0;0;0;1.0;0;0;1.0;0;0;1.0;1.0;0;0;1.0;0;0
7277;2.63;1.00;0;1391.0;29.25;29.25;3.75;0;13.09;14.29;31.32;55.05;2.58;173364.0;0;0;90.0;4511.0;991.53;449.21;0;1.0;0;1.0;0;0;1.0;0;0;1.0;0;0;1.0;1.0;0;0;1.0;0;0
7773;2.55;1.00;0;1387.0;29.25;29.25;3.75;0;13.12;14.29;127.51;139.17;2.58;173364.0;0;0;91.0;4514.0;991.53;449.21;0;1.0;0;1.0;0;0;1.0;0;0;1.0;0;0;1.0;1.0;0;0;1.0;0;0
8340;2.51;1.00;0;1373.0;29.25;29.25;4.5;0;13.28;14.20;173.23;200.49;2.58;173364.0;0;0;90.0;4518.0;991.53;449.21;0;1.0;0;1.0;0;0;1.0;0;0;1.0;0;0;1.0;1.0;0;0;1.0;0;0
8876;2.52;1.00;0;1390.0;29.25;29.25;4.5;0;13.26;14.20;160.43;199.34;2.58;173364.0;0;0;90.0;4514.0;991.53;449.21;0;1.0;0;1.0;0;0;1.0;0;0;1.0;0;0;1.0;1.0;0;0;1.0;0;0
9482;2.48;1.00;0;1365.0;29.25;29.25;4.5;0;13.35;14.01;181.55;203.11;2.58;173364.0;0;0;91.0;4523.0;991.53;449.21;0;1.0;0;1.0;0;0;1.0;0;0;1.0;0;0;1.0;1.0;0;0;1.0;0;0
10015;2.51;1.00;0;1372.0;29.25;29.25;4.5;0;13.38;14.20;212.31;215.82;2.58;173364.0;0;0;91.0;4498.0;991.53;449.21;0;1.0;0;1.0;0;0;1.0;0;0;1.0;0;0;1.0;1.0;0;0;1.0;0;0
10548;2.52;1.00;0;1367.0;29.25;29.25;4.5;0;13.43;14.29;184.05;186.90;2.58;173364.0;0;0;92.0;4528.0;991.53;449.21;0;1.0;0;1.0;0;0;1.0;0;0;1.0;0;0;1.0;1.0;0;0;1.0;0;0
11148;2.40;1.00;0;1371.0;29.25;29.25;4.5;0;13.48;14.20;127.23;129.23;2.58;173364.0;0;0;93.0;4509.0;991.53;449.21;0;1.0;0;1.0;0;0;1.0;0;0;1.0;0;0;1.0;1.0;0;0;1.0;0;0
11751;2.42;1.00;0;1357.0;29.25;29.25;5.25;0;13.82;14.39;87.94;94.17;2.31;173364.0;0;0;93.0;4516.0;991.53;449.21;0;1.0;0;1.0;0;0;1.0;0;0;1.0;0;0;1.0;1.0;0;0;1.0;0;0
12303;2.35;1.00;0;1377.0;29.25;29.25;4.5;0;13.49;14.20;60.75;65.07;2.58;173364.0;0;0;92.0;4502.0;991.53;449.21;0;1.0;0;1.0;0;0;1.0;0;0;1.0;0;0;1.0;1.0;0;0;1.0;0;0
12873;2.35;1.00;0;1391.0;29.25;29.25;4.5;0;13.50;14.20;52.04;51.50;2.58;173364.0;0;0;94.0;4512.0;991.53;449.21;0;1.0;0;1.0;0;0;1.0;0;0;1.0;0;0;1.0;1.0;0;0;1.0;0;0
13484;2.46;1.00;0;1375.0;29.25;29.25;5.25;0;13.93;14.29;55.46;44.86;2.58;173364.0;0;0;94.0;4527.0;991.53;449.21;0;1.0;0;1.0;0;0;1.0;0;0;1.0;0;0;1.0;1.0;0;0;1.0;0;0
14106;2.30;1.00;0;1393.0;29.25;30.0;4.5;0;13.54;14.20;72.49;99.09;2.58;173364.0;0;0;94.0;4517.0;991.53;449.21;0;1.0;0;1.0;0;0;1.0;0;0;1.0;0;0;1.0;1.0;0;0;1.0;0;0
14693;2.38;1.00;0;1338.0;29.25;30.0;6.75;0;14.26;14.01;137.90;181.23;2.58;173364.0;0;0;93.0;4527.0;991.53;449.21;0;1.0;0;1.0;0;0;1.0;0;0;1.0;0;0;1.0;1.0;0;0;1.0;0;0
15230;2.23;1.00;0;1431.0;29.25;30.0;3.0;0;13.20;14.29;115.65;163.19;2.58;173364.0;0;0;94.0;4515.0;991.53;449.21;0;1.0;0;1.0;0;0;1.0;0;0;1.0;0;0;1.0;1.0;0;0;1.0;0;0
15889;2.31;1.00;0;1433.0;29.25;30.0;3.0;0;13.17;14.29;108.33;149.26;2.58;173364.0;0;0;92.0;4501.0;991.53;449.21;0;1.0;0;1.0;0;0;1.0;0;0;1.0;0;0;1.0;1.0;0;0;1.0;0;0
16450;2.28;1.00;0;1398.0;29.25;30.0;3.75;0;13.28;14.20;74.87;103.19;2.58;173364.0;0;0;93.0;4519.0;991.53;449.21;0;1.0;0;1.0;0;0;1.0;0;0;1.0;0;0;1.0;1.0;0;0;1.0;0;0
16974;2.22;1.00;0;1416.0;29.25;30.0;3.0;0;13.17;14.20;51.73;79.50;2.58;173364.0;0;0;94.0;4501.0;991.53;449.21;0;1.0;0;1.0;0;0;1.0;0;0;1.0;0;0;1.0;1.0;0;0;1.0;0;0
17522;2.32;1.00;0;1399.0;29.25;30.0;3.75;0;13.28;14.29;44.52;69.11;2.58;173364.0;0;0;93.0;4513.0;991.53;449.21;0;1.0;0;1.0;0;0;1.0;0;0;1.0;0;0;1.0;1.0;0;0;1.0;0;0
18035;2.4;1.00;0;1366.0;29.25;30.75;5.25;0;13.52;14.39;34.99;51.26;2.31;173364.0;0;0;94.0;4515.0;991.53;449.21;0;1.0;0;1.0;0;0;1.0;0;0;1.0;0;0;1.0;1.0;0;0;1.0;0;0
18579;2.26;1.00;0;1421.0;29.25;30.75;3.75;0;13.10;14.11;25.46;39.35;2.58;173364.0;0;0;93.0;4516.0;991.53;449.21;0;1.0;0;1.0;0;0;1.0;0;0;1.0;0;0;1.0;1.0;0;0;1.0;0;0
19246;2.28;1.00;0;1342.0;29.25;30.75;6.75;0;13.95;14.29;24.45;34.06;2.58;173364.0;0;0;91.0;4510.0;991.53;449.21;0;1.0;0;1.0;0;0;1.0;0;0;1.0;0;0;1.0;1.0;0;0;1.0;0;0
19793;2.26;1.00;0;1384.0;29.25;30.75;5.25;0;13.34;14.39;53.94;129.42;2.31;173364.0;0;0;92.0;4519.0;991.53;449.21;0;1.0;0;1.0;0;0;1.0;0;0;1.0;0;0;1.0;1.0;0;0;1.0;0;0
20409;2.25;1.00;0;1373.0;29.25;30.75;5.25;0;13.39;14.39;47.30;102.53;2.31;173364.0;0;0;91.0;4510.0;991.53;449.21;0;1.0;0;1.0;0;0;1.0;0;0;1.0;0;0;1.0;1.0;0;0;1.0;0;0
20987;2.28;1.00;0;1400.0;29.25;31.5;4.5;0;13.08;14.20;104.60;156.55;2.58;173364.0;0;0;91.0;4513.0;991.53;449.21;0;1.0;0;1.0;0;0;1.0;0;0;1.0;0;0;1.0;1.0;0;0;1.0;0;0
21541;2.16;1.00;0;1415.0;29.25;31.5;3.75;0;12.90;14.29;121.84;154.57;2.58;173364.0;0;0;88.0;4513.0;991.53;449.21;0;1.0;0;1.0;1.0;0;1.0;0;0;1.0;0;0;1.0;1.0;0;0;1.0;0;0
22067;2.24;1.00;0;1406.0;29.25;31.5;4.5;0;12.99;14.29;84.21;106.86;2.58;173364.0;0;0;88.0;4510.0;991.53;449.21;0;1.0;0;1.0;1.0;0;1.0;0;0;1.0;0;0;1.0;1.0;0;0;1.0;0;0
22614;2.22;1.00;0;1417.0;29.25;31.5;3.75;0;12.91;14.29;64.66;77.86;2.58;173364.0;0;0;88.0;4503.0;991.53;449.21;1.0;1.0;0;1.0;0;0;1.0;0;0;1.0;0;0;1.0;1.0;0;0;0;0;0
23159;4.48;1.00;0;1649.0;29.25;31.5;7.5;1.17;22.12;14.39;44.68;53.78;2.31;173364.0;0;0;106.0;4544.0;991.53;449.21;1.0;1.0;0;1.0;0;0;1.0;0;0;1.0;0;0;1.0;1.0;0;0;0;0;0
23788;3.04;1.00;0;1704.0;29.25;31.5;7.5;2.74;15.16;14.39;37.75;51.89;2.31;173364.0;0;0;106.0;4557.0;991.53;449.21;1.0;1.0;0;1.0;0;0;1.0;0;0;1.0;0;0;1.0;1.0;0;0;0;0;0
24456;3.60;1.00;0;1600.0;29.25;32.25;7.5;4.31;18.74;14.39;78.66;67.90;2.31;173364.0;0;0;106.0;4519.0;991.53;429.68;1.0;1.0;0;1.0;0;0;1.0;0;0;1.0;0;0;1.0;1.0;0;0;0;0;0
24985;2.88;1.00;5.0;1395.0;29.25;32.25;6.75;0.39;13.48;14.39;72.30;87.08;2.31;173364.0;6.0;5.0;94.0;4497.0;991.53;468.74;1.0;1.0;0;1.0;0;0;1.0;0;0;1.0;0;0;0;1.0;0;0;0;0;0
25557;2.03;1.00;6.0;1654.0;29.25;32.25;8.25;0.39;12.22;14.48;134.03;81.49;2.31;173364.0;7.0;6.0;106.0;4529.0;991.53;468.74;1.0;1.0;0;1.0;0;0;1.0;0;0;1.0;0;0;1.0;1.0;0;0;0;0;0
26058;2.82;1.00;7.0;1474.0;29.25;32.25;9.0;0.39;12.94;14.39;160.06;77.51;2.31;173364.0;8.0;8.0;106.0;4495.0;991.53;468.74;1.0;1.0;0;1.0;0;0;1.0;0;0;1.0;0;0;1.0;1.0;0;0;0;0;0
26589;2.59;1.00;10.0;1578.0;29.25;33.0;9.0;1.56;14.16;14.29;154.48;128.35;2.58;173364.0;10.0;10.0;105.0;4521.0;991.53;449.21;1.0;1.0;0;1.0;0;0;1.0;0;0;1.0;0;0;1.0;1.0;0;0;0;0;0
27116;3.47;1.00;12.0;1473.0;30.0;33.0;9.0;2.74;17.36;14.48;125.16;88.72;2.31;173364.0;12.0;12.0;105.0;4527.0;991.53;429.68;1.0;1.0;0;1.0;0;0;1.0;0;0;1.0;0;0;1.0;1.0;0;0;0;0;0
27668;3.00;1.00;15.0;1710.0;30.0;33.0;7.5;3.13;15.85;14.29;82.08;58.16;2.58;173364.0;15.0;16.0;105.0;4514.0;991.53;429.68;1.0;1.0;0;1.0;0;0;1.0;0;0;1.0;0;0;1.0;1.0;0;0;0;0;0
28290;1.96;1.00;16.0;1572.0;30.0;33.0;4.5;0;13.34;14.39;57.69;40.17;2.31;173364.0;17.0;17.0;93.0;4493.0;991.53;468.74;1.0;1.0;0;1.0;0;0;1.0;0;0;1.0;0;0;1.0;1.0;0;0;0;0;0
28850;1.98;1.00;16.0;1580.0;30.0;33.0;4.5;0;13.28;14.39;42.82;26.30;2.31;173364.0;16.0;16.0;92.0;4499.0;991.53;468.74;1.0;1.0;0;1.0;0;0;1.0;0;0;1.0;0;0;1.0;1.0;0;0;0;0;0
29380;1.95;1.00;15.0;1591.0;30.0;33.75;4.5;0;13.18;14.39;34.95;24.11;2.31;173364.0;16.0;16.0;91.0;4525.0;991.53;468.74;1.0;1.0;0;1.0;0;0;1.0;0;0;1.0;0;0;1.0;1.0;0;0;0;0;0
29944;2.03;1.00;13.0;1538.0;30.0;33.75;4.5;0;13.15;14.29;49.58;25.56;2.58;173364.0;14.0;14.0;91.0;4488.0;991.53;468.74;1.0;1.0;0;1.0;0;0;1.0;0;0;1.0;0;0;1.0;1.0;0;0;0;0;0
30603;2.16;1.00;11.0;1433.0;30.0;33.75;3.75;0;13.07;14.48;92.10;81.24;2.31;173364.0;11.0;11.0;91.0;4485.0;991.53;468.74;1.0;1.0;0;1.0;0;0;1.0;0;0;1.0;0;0;1.0;1.0;0;0;0;0;0
31114;2.28;1.00;6.0;1383.0;30.0;33.75;5.25;0;13.30;14.29;166.29;159.65;2.58;173364.0;7.0;6.0;89.0;4516.0;991.53;468.74;1.0;1.0;0;1.0;0;0;1.0;0;0;1.0;0;0;1.0;1.0;0;0;0;0;0
31653;2.32;1.00;3.0;1358.0;30.0;33.75;6.0;0;13.64;14.39;166.80;165.10;2.31;173364.0;4.0;4.0;89.0;4509.0;991.53;468.74;1.0;1.0;0;1.0;0;0;1.0;0;0;1.0;0;0;1.0;1.0;0;0;0;0;0
32165;2.16;1.00;3.0;1408.0;30.0;34.5;4.5;0;13.01;14.39;121.55;134.71;2.31;173364.0;4.0;4.0;89.0;4493.0;991.53;488.27;1.0;1.0;0;1.0;0;0;1.0;0;0;1.0;0;0;1.0;1.0;0;0;0;0;0
32765;3.56;1.00;6.0;2215.0;30.0;34.5;9.75;5.88;18.47;14.39;105.48;124.32;2.31;173364.0;6.0;6.0;103.0;4462.0;991.53;488.27;1.0;1.0;0;1.0;0;0;1.0;0;0;1.0;0;0;1.0;1.0;0;0;0;0;0
33367;3.78;1.00;11.0;1835.0;30.0;34.5;8.25;5.88;20.83;14.39;120.18;210.22;2.31;173364.0;11.0;10.0;103.0;4577.0;991.53;488.27;1.0;1.0;0;1.0;0;0;1.0;0;0;1.0;0;0;1.0;1.0;0;0;0;0;0
33910;4.04;1.00;13.0;1683.0;30.0;34.5;7.5;6.27;24.77;14.39;177.13;198.20;2.31;173364.0;14.0;14.0;103.0;4534.0;991.53;488.27;1.0;1.0;0;1.0;0;0;1.0;0;0;1.0;0;0;1.0;1.0;0;0;0;0;0
34404;3.70;1.00;17.0;1968.0;30.0;34.5;8.25;6.27;19.91;14.39;209.96;174.61;2.31;173364.0;18.0;18.0;103.0;4485.0;991.53;488.27;1.0;1.0;0;1.0;0;0;1.0;0;0;1.0;0;0;1.0;1.0;0;0;0;0;0
35021;4.61;1.00;20.0;2224.0;30.0;35.25;9.0;10.19;25.33;14.29;233.14;203.32;2.58;173364.0;19.0;20.0;102.0;4426.0;991.53;507.80;1.0;1.0;0;1.0;0;0;1.0;0;0;1.0;0;0;1.0;1.0;0;0;0;0;0
35580;3.89;1.00;22.0;2512.0;30.0;35.25;9.75;10.58;23.73;14.39;163.70;245.99;2.31;173364.0;22.0;23.0;102.0;4464.0;991.53;507.80;1.0;1.0;0;1.0;0;0;1.0;0;0;1.0;0;0;1.0;1.0;0;0;0;0;0
36165;1.70;1.00;23.0;1658.0;30.0;35.25;9.0;0;14.53;14.29;132.97;204.12;2.58;173364.0;24.0;24.0;90.0;4644.0;991.53;507.80;1.0;1.0;0;1.0;0;0;1.0;0;0;1.0;0;0;1.0;1.0;0;0;0;0;0
36656;3.74;1.00;23.0;2038.0;30.0;35.25;9.75;4.70;17.70;14.39;128.44;214.69;2.31;173364.0;23.0;24.0;102.0;4524.0;991.53;507.80;2.0;1.0;0;1.0;0;0;1.0;0;0;1.0;0;0;1.0;1.0;0;0;0;0;0
37180;3.31;1.00;23.0;1899.0;30.0;36.0;7.5;4.70;17.37;14.29;140.47;197.05;2.58;173364.0;24.0;24.0;101.0;4498.0;991.53;507.80;2.0;1.0;0;1.0;0;0;1.0;0;0;1.0;0;0;1.0;1.0;0;0;0;0;0
37718;1.81;1.00;23.0;1621.0;30.0;36.0;4.5;0;13.05;14.39;105.30;137.45;2.31;173364.0;23.0;24.0;89.0;4499.0;991.53;507.80;2.0;1.0;0;1.0;0;0;1.0;0;0;1.0;0;0;1.0;1.0;0;0;0;0;0
38274;2.12;1.00;22.0;1790.0;30.0;36.0;7.5;1.56;11.16;14.39;87.00;153.95;2.31;173364.0;22.0;22.0;101.0;4534.0;991.53;429.68;2.0;1.0;0;1.0;0;0;1.0;0;0;1.0;0;0;1.0;1.0;0;0;0;0;0
38777;2.44;1.00;21.0;1732.0;30.0;36.0;8.25;1.96;13.24;14.29;60.11;100.97;2.58;173364.0;22.0;22.0;101.0;4513.0;991.53;351.55;2.0;1.0;0;1.0;0;0;1.0;0;0;1.0;0;0;1.0;1.0;0;0;0;0;0
39292;2.24;1.01;20.0;1675.0;30.0;36.75;8.25;0.78;12.57;14.20;41.52;69.78;2.58;173364.0;20.0;20.0;101.0;4498.0;991.53;468.74;2.0;1.0;0;1.0;0;0;1.0;0;0;1.0;0;0;1.0;1.0;0;0;0;0;0
39789;2.14;0.99;20.0;1481.0;30.0;36.75;4.5;0;13.02;14.29;30.52;50.83;2.58;173364.0;20.0;20.0;89.0;4519.0;991.53;527.33;2.0;1.0;0;1.0;0;0;1.0;0;0;1.0;0;0;1.0;1.0;0;0;0;0;0
40340;2.11;0.98;18.0;1472.0;30.0;36.75;3.75;0;12.85;14.39;22.18;35.09;2.31;173364.0;18.0;18.0;88.0;4461.0;991.53;527.33;2.0;1.0;0;1.0;0;0;1.0;0;0;1.0;0;0;1.0;1.0;0;0;0;0;0
40896;2.04;0.97;12.0;1440.0;30.0;36.75;3.75;0;12.80;14.29;15.27;31.13;2.58;173364.0;13.0;13.0;87.0;4518.0;991.53;527.33;0;1.0;0;1.0;0;0;1.0;0;0;1.0;0;0;1.0;1.0;0;0;0;0;0
41395;2.08;0.96;7.0;1416.0;30.0;36.75;3.75;0;12.75;14.29;16.44;75.75;2.58;173364.0;7.0;7.0;88.0;4514.0;991.53;507.80;1.0;1.0;0;1.0;0;0;1.0;0;0;1.0;0;0;1.0;1.0;0;0;0;0;0
41931;2.17;0.95;2.0;1358.0;30.0;37.5;6.0;0;13.49;14.29;18.86;67.08;2.58;173364.0;3.0;0;88.0;4510.0;991.53;507.80;1.0;1.0;0;1.0;0;0;1.0;0;0;1.0;0;0;1.0;1.0;0;0;0;0;0
42452;2.10;0.94;0;1389.0;30.0;37.5;5.25;0;13.10;14.39;78.94;117.55;2.31;173364.0;0;0;88.0;4541.0;991.53;507.80;1.0;1.0;0;1.0;0;0;1.0;0;0;1.0;0;0;1.0;1.0;0;0;0;0;0
43051;3.52;1.00;0;1805.0;30.0;37.5;7.5;3.92;16.44;14.39;57.51;93.06;2.31;173364.0;0;0;100.0;4550.0;991.53;546.86;1.0;1.0;0;1.0;0;0;1.0;0;0;1.0;0;0;1.0;1.0;0;0;0;0;0
43589;4.49;1.00;0;1712.0;30.0;37.5;6.75;7.84;27.17;14.29;35.73;61.03;2.58;173364.0;0;0;100.0;4537.0;991.53;546.86;1.0;1.0;0;1.0;0;0;1.0;0;0;1.0;0;0;1.0;1.0;0;0;0;0;0
44084;3.42;1.00;0;1531.0;30.0;37.5;8.25;4.70;20.75;14.39;25.09;39.97;2.31;173364.0;0;0;100.0;4507.0;991.53;507.80;1.0;1.0;0;1.0;0;0;1.0;0;0;1.0;0;0;1.0;1.0;0;0;0;0;0
44609;3.29;0.99;10.0;1724.0;30.0;38.25;7.5;4.70;17.85;14.20;21.15;31.18;2.58;173364.0;11.0;10.0;99.0;4509.0;991.53;546.86;1.0;1.0;0;1.0;0;0;1.0;0;0;1.0;0;0;1.0;1.0;0;0;0;0;0
45165;2.68;0.99;11.0;1590.0;30.0;38.25;9.0;1.96;14.72;14.39;41.48;28.35;2.31;173364.0;11.0;11.0;99.0;4519.0;991.53;546.86;1.0;1.0;0;1.0;0;0;1.0;0;0;1.0;0;0;1.0;1.0;0;0;0;0;0
45773;3.62;0.99;13.0;1715.0;30.0;38.25;7.5;5.09;19.51;14.39;65.93;33.16;2.31;173364.0;13.0;13.0;99.0;4528.0;991.53;546.86;1.0;1.0;0;1.0;0;0;1.0;0;0;1.0;0;0;1.0;1.0;0;0;0;0;0
46332;3.75;0.97;17.0;1955.0;30.0;39.0;8.25;7.05;22.69;14.39;105.16;131.28;2.31;173364.0;17.0;17.0;98.0;4461.0;991.53;546.86;1.0;1.0;0;1.0;0;0;1.0;0;0;1.0;0;0;1.0;1.0;0;0;0;0;0
46830;3.40;0.95;20.0;2272.0;30.0;39.0;9.75;7.45;20.81;14.39;86.01;114.79;2.31;173364.0;20.0;20.0;98.0;4412.0;991.53;546.86;1.0;1.0;0;1.0;0;0;1.0;0;0;1.0;0;0;1.0;1.0;0;0;0;0;0
47334;3.16;0.93;22.0;2463.0;30.0;39.0;10.5;7.84;19.96;14.29;95.05;115.44;2.58;173364.0;22.0;22.0;98.0;4477.0;991.53;546.86;1.0;1.0;0;1.0;0;0;1.0;0;0;1.0;0;0;1.0;1.0;0;0;0;0;0
48022;0;1.00;23.0;2683.0;30.0;39.0;14.25;0;13.49;14.20;128.11;144.36;2.58;173364.0;24.0;24.0;98.0;4600.0;991.53;507.80;1.0;1.0;0;1.0;0;0;1.0;0;0;1.0;0;0;1.0;1.0;0;0;0;0;0
48566;2.24;0.99;22.0;1942.0;30.0;39.75;8.25;1.96;12.56;14.29;135.67;152.09;2.58;173364.0;23.0;23.0;97.0;4554.0;991.53;546.86;2.0;1.0;0;1.0;0;0;1.0;0;0;1.0;0;0;1.0;1.0;0;0;0;0;0
49175;2.65;0.97;23.0;1883.0;30.0;39.75;7.5;3.13;15.01;14.29;93.78;99.72;2.58;173364.0;23.0;24.0;97.0;4529.0;991.53;351.55;2.0;1.0;0;1.0;0;0;1.0;0;0;1.0;0;0;1.0;1.0;0;0;0;0;0
49715;2.79;0.98;23.0;1880.0;30.0;39.75;8.25;3.13;15.50;14.29;57.86;60.64;2.58;173364.0;24.0;24.0;97.0;4520.0;991.53;527.33;2.0;1.0;0;1.0;0;0;1.0;0;0;1.0;0;0;1.0;1.0;0;0;0;0;0
50215;3.56;0.98;25.0;1945.0;30.0;39.75;8.25;5.88;19.25;14.39;37.90;43.04;2.31;173364.0;25.0;25.0;97.0;4513.0;991.53;585.93;2.0;1.0;0;1.0;0;0;1.0;0;0;1.0;0;0;1.0;1.0;0;0;0;0;0
50770;3.23;0.96;26.0;2097.0;30.0;40.5;8.25;5.88;18.55;14.39;25.25;28.16;2.31;173364.0;26.0;27.0;96.0;4478.0;991.53;585.93;2.0;1.0;0;1.0;0;0;1.0;0;0;1.0;0;0;1.0;1.0;0;0;0;0;0
51341;3.12;0.94;27.0;2143.0;30.0;40.5;9.0;5.88;18.30;14.39;14.84;15.70;2.31;173364.0;26.0;27.0;96.0;4472.0;991.53;585.93;2.0;1.0;0;1.0;0;0;1.0;0;0;1.0;0;0;1.0;1.0;0;0;0;0;0
51857;3.01;0.92;28.0;2236.0;30.0;40.5;9.75;5.88;18.21;14.29;8.69;9.68;2.58;173364.0;29.0;29.0;96.0;4484.0;991.53;585.93;2.0;1.0;0;1.0;0;0;1.0;0;0;1.0;0;0;1.0;1.0;0;0;0;0;0
52377;2.86;0.91;30.0;2320.0;30.0;40.5;10.5;5.88;17.84;14.20;5.35;5.64;2.58;173364.0;29.0;30.0;96.0;4463.0;991.53;585.93;2.0;1.0;0;1.0;0;0;1.0;0;0;1.0;0;0;1.0;1.0;0;0;0;0;0
53041;2.68;0.88;30.0;2422.0;30.0;40.5;11.25;5.88;17.74;14.29;6.99;3.06;2.58;173364.0;30.0;31.0;96.0;4528.0;991.53;566.39;2.0;1.0;0;1.0;0;0;1.0;0;0;1.0;0;0;1.0;1.0;0;0;0;0;0
53645;2.58;0.86;31.0;2442.0;30.0;41.25;11.25;5.88;17.16;14.39;57.30;8.43;2.31;173364.0;31.0;31.0;95.0;4509.0;991.53;527.33;2.0;1.0;0;1.0;0;0;1.0;0;0;1.0;0;0;1.0;1.0;0;0;0;0;0
54263;2.57;0.87;31.0;2474.0;30.0;41.25;11.25;5.49;17.07;14.39;176.59;180.43;2.31;173364.0;31.0;32.0;95.0;4522.0;991.53;566.39;2.0;1.0;0;1.0;0;0;1.0;0;0;1.0;0;0;1.0;1.0;0;0;0;0;0
54801;2.38;0.87;31.0;2440.0;30.0;41.25;11.25;4.70;15.73;14.39;253.03;267.11;2.31;173364.0;32.0;32.0;95.0;4526.0;991.53;156.24;2.0;1.0;0;1.0;0;0;1.0;0;0;1.0;0;0;1.0;1.0;0;0;0;0;0
55321;2.29;0.89;31.0;2479.0;30.0;42.0;12.0;4.31;14.75;14.29;302.51;309.45;2.58;173364.0;31.0;32.0;95.0;4526.0;991.53;273.43;2.0;1.0;0;1.0;0;0;1.0;0;0;1.0;0;0;0;1.0;0;0;0;0;0
55881;2.31;0.90;31.0;2463.0;30.0;42.0;12.0;3.92;14.64;14.48;293.34;329.21;2.31;173364.0;31.0;32.0;95.0;4502.0;991.53;507.80;2.0;1.0;0;1.0;0;0;1.0;0;0;1.0;0;0;1.0;1.0;0;0;0;0;0
56423;1.78;0.88;31.0;2468.0;30.0;42.0;12.0;2.74;12.33;14.39;318.61;312.89;2.31;173364.0;31.0;31.0;95.0;4527.0;991.53;624.99;2.0;1.0;0;1.0;0;0;1.0;0;0;1.0;0;0;1.0;1.0;0;0;0;0;0
56969;1.87;0.87;30.0;2362.0;30.0;42.0;11.25;2.35;11.87;14.29;336.32;268.30;2.58;173364.0;31.0;31.0;95.0;4519.0;991.41;624.99;2.0;1.0;0;1.0;0;0;1.0;0;0;1.0;0;0;1.0;1.0;0;0;0;0;0
57490;1.82;0.85;28.0;2310.0;30.0;42.0;10.5;2.35;11.56;14.39;273.71;301.03;2.31;173364.0;29.0;29.0;95.0;4540.0;991.45;585.93;2.0;1.0;0;1.0;0;0;1.0;0;0;1.0;0;0;1.0;1.0;0;0;0;0;0
58045;1.87;0.84;27.0;2167.0;30.0;42.75;9.75;2.35;12.24;14.39;236.60;235.12;2.31;173364.0;28.0;28.0;94.0;4526.0;991.49;136.71;2.0;1.0;0;1.0;0;0;1.0;0;0;1.0;0;0;1.0;1.0;0;0;0;0;0
58636;1.94;0.85;26.0;2117.0;30.0;42.75;9.75;2.35;12.62;14.29;212.15;187.27;2.58;173364.0;27.0;27.0;94.0;4531.0;991.49;136.71;2.0;1.0;0;1.0;0;0;1.0;0;0;1.0;0;0;1.0;1.0;0;0;0;0;0
59211;2.01;0.87;25.0;1999.0;30.0;42.75;8.25;2.35;12.36;14.39;160.16;143.81;2.31;173364.0;25.0;25.0;94.0;4514.0;991.53;156.24;2.0;1.0;0;1.0;0;0;1.0;0;0;1.0;0;0;1.0;1.0;0;0;0;0;0
59736;2.47;0.88;25.0;1883.0;30.0;42.75;8.25;2.35;13.54;14.39;153.52;159.26;2.31;173364.0;24.0;25.0;94.0;4512.0;991.53;156.24;2.0;1.0;0;1.0;0;0;1.0;0;0;1.0;0;0;1.0;1.0;0;0;0;0;0
60276;2.50;0.89;25.0;1925.0;30.0;43.5;9.0;3.52;15.49;14.48;148.87;160.71;2.31;173364.0;24.0;25.0;93.0;4509.0;991.53;175.77;2.0;1.0;0;1.0;0;0;1.0;0;0;1.0;0;0;1.0;1.0;0;0;0;0;0
60780;2.61;0.91;25.0;1969.0;30.0;43.5;9.0;3.92;15.88;14.39;100.03;94.85;2.31;173364.0;25.0;25.0;93.0;4509.0;991.53;175.77;2.0;1.0;0;1.0;0;0;1.0;0;0;1.0;0;0;1.0;1.0;0;0;0;0;0
61300;2.67;0.92;26.0;2002.0;30.0;43.5;9.0;3.92;15.95;14.48;62.20;62.16;2.31;173364.0;25.0;26.0;93.0;4506.0;991.53;195.31;2.0;1.0;0;1.0;0;0;1.0;0;0;1.0;0;0;1.0;1.0;0;0;0;0;0
61800;2.65;0.94;26.0;2079.0;30.0;44.25;9.75;4.31;15.80;14.39;44.05;38.63;2.31;173364.0;26.0;27.0;92.0;4508.0;991.53;195.31;2.0;1.0;0;1.0;0;0;1.0;0;0;1.0;0;0;1.0;1.0;0;0;0;0;0
62306;2.72;0.95;26.0;2091.0;30.0;44.25;10.5;4.31;16.22;14.39;27.38;25.27;2.31;173364.0;26.0;27.0;92.0;4504.0;991.53;214.84;2.0;1.0;0;1.0;0;0;1.0;0;0;1.0;0;0;1.0;1.0;0;0;0;0;0
62826;2.78;0.97;27.0;2146.0;30.0;44.25;9.75;4.31;15.99;14.39;16.97;15.68;2.31;173364.0;27.0;28.0;92.0;4484.0;991.53;742.17;2.0;1.0;0;1.0;0;0;1.0;0;0;1.0;0;0;1.0;1.0;0;0;0;0;0
63407;2.60;0.95;28.0;2251.0;30.0;44.25;11.25;4.31;15.71;14.39;10.46;9.68;2.31;173364.0;28.0;28.0;92.0;4495.0;991.53;722.64;2.0;1.0;0;1.0;0;0;1.0;0;0;1.0;0;0;1.0;1.0;0;0;0;0;0
63927;2.45;0.93;30.0;2378.0;30.0;45.0;12.0;4.31;15.48;14.39;5.80;7.40;2.31;173364.0;30.0;29.0;91.0;4483.0;991.53;722.64;2.0;1.0;0;1.0;0;0;1.0;0;0;1.0;0;0;1.0;1.0;0;0;0;0;0
64425;2.35;0.91;31.0;2456.0;30.0;45.0;12.75;4.31;15.22;14.39;114.03;13.35;2.31;173364.0;31.0;31.0;91.0;4501.0;991.53;722.64;2.0;1.0;0;1.0;0;0;1.0;0;0;1.0;0;0;1.0;1.0;0;0;0;0;0
64935;2.30;0.89;31.0;2458.0;30.0;45.0;12.75;4.31;15.17;14.39;99.03;55.15;2.31;173364.0;31.0;32.0;91.0;4484.0;991.53;703.11;2.0;1.0;0;1.0;0;0;1.0;0;0;1.0;0;0;1.0;1.0;0;0;0;0;0
65492;2.22;0.87;32.0;2507.0;30.0;45.0;13.5;4.31;14.95;14.29;127.72;106.16;2.58;173364.0;32.0;32.0;91.0;4506.0;991.53;664.05;2.0;1.0;0;1.0;0;0;1.0;0;0;1.0;0;0;1.0;1.0;0;0;0;0;0
66005;2.21;0.86;32.0;2528.0;30.0;45.0;13.5;4.31;15.10;14.29;220.31;216.58;2.58;173364.0;32.0;32.0;91.0;4503.0;991.37;136.71;2.0;1.0;0;1.0;0;0;1.0;0;0;1.0;0;0;1.0;1.0;0;0;0;0;0
66502;2.48;0.88;32.0;2554.0;30.0;45.75;14.25;5.49;17.24;14.48;284.14;277.56;2.31;173364.0;32.0;32.0;90.0;4508.0;991.41;136.71;2.0;1.0;0;1.0;0;0;1.0;0;0;1.0;0;0;1.0;1.0;0;0;0;0;0
67020;2.61;0.91;33.0;2615.0;30.0;45.75;15.75;5.88;17.94;14.39;311.97;310.33;2.31;173364.0;33.0;33.0;90.0;4508.0;991.37;722.64;2.0;1.0;0;1.0;0;0;1.0;0;0;1.0;0;0;1.0;1.0;0;0;0;0;0
67529;2.54;0.89;33.0;2711.0;30.0;45.75;16.5;5.88;18.04;14.39;310.50;313.37;2.31;173364.0;33.0;34.0;90.0;4502.0;991.41;664.05;2.0;1.0;0;1.0;0;0;1.0;0;0;1.0;0;0;1.0;1.0;0;0;0;0;0
68087;2.45;0.86;35.0;2746.0;30.0;45.75;17.25;5.88;18.16;14.29;332.01;341.89;2.58;173364.0;34.0;35.0;90.0;4520.0;991.45;664.05;2.0;1.0;0;1.0;0;0;1.0;0;0;1.0;0;0;1.0;1.0;0;0;0;0;0
68590;2.38;0.85;36.0;2828.0;30.0;45.75;18.0;5.88;17.96;14.39;294.53;323.22;2.31;173364.0;35.0;36.0;90.0;4521.0;991.41;351.55;2.0;1.0;0;1.0;0;0;1.0;0;0;1.0;0;0;1.0;1.0;0;0;0;0;0
69118;2.37;0.87;37.0;2909.0;30.0;46.5;19.5;5.88;17.72;14.20;326.15;335.34;2.58;173364.0;37.0;37.0;90.0;4522.0;991.45;644.52;2.0;1.0;0;1.0;0;0;1.0;0;0;1.0;0;0;1.0;1.0;0;0;0;0;0
69625;2.28;0.86;37.0;3004.0;30.0;46.5;19.5;5.88;16.89;14.39;259.14;259.20;2.31;173364.0;37.0;38.0;90.0;4516.0;991.41;722.64;2.0;1.0;0;1.0;0;0;1.0;0;0;1.0;0;0;1.0;1.0;0;0;0;0;0
70145;2.44;0.83;38.0;3070.0;30.0;46.5;20.25;7.05;19.22;14.39;318.47;315.97;2.31;173364.0;39.0;39.0;90.0;4512.0;991.45;703.11;2.0;1.0;0;1.0;0;0;1.0;0;0;1.0;0;0;1.0;1.0;0;0;0;0;0
70642;2.43;0.80;40.0;3159.0;30.0;46.5;21.75;7.84;20.68;14.39;270.49;270.51;2.31;173364.0;40.0;41.0;90.0;4521.0;991.37;683.58;2.0;1.0;0;1.0;0;0;1.0;0;0;1.0;0;0;1.0;1.0;0;0;0;0;0
71209;2.67;0.79;42.0;3301.0;30.0;47.25;21.75;10.19;23.27;14.39;251.33;268.14;2.31;173364.0;41.0;42.0;89.0;4540.0;991.41;58.59;2.0;1.0;0;1.0;0;0;1.0;0;0;1.0;0;0;1.0;1.0;0;0;0;0;0
71764;2.41;1.00;41.0;2383.0;30.0;47.25;12.75;2.74;11.61;14.39;136.61;135.18;2.31;173364.0;41.0;42.0;89.0;4473.0;991.34;742.17;3.0;1.0;0;1.0;0;0;1.0;0;0;1.0;0;0;1.0;1.0;0;0;0;0;0
72276;3.37;0.99;42.0;2624.0;30.0;47.25;15.0;8.23;21.22;14.39;75.79;68.10;2.31;173364.0;42.0;43.0;89.0;4463.0;991.26;722.64;3.0;1.0;0;1.0;0;0;1.0;0;0;1.0;0;0;1.0;1.0;0;0;0;0;0
72775;3.19;0.96;45.0;2743.0;30.0;47.25;16.5;8.62;21.28;14.39;45.87;40.75;2.31;173364.0;44.0;45.0;89.0;4508.0;991.34;722.64;3.0;1.0;0;1.0;0;0;1.0;0;0;1.0;0;0;1.0;1.0;0;0;0;0;0
73271;2.87;0.93;46.0;2868.0;30.0;47.25;18.75;7.84;20.75;14.48;24.31;22.88;2.31;173364.0;46.0;46.0;89.0;4518.0;991.34;703.11;3.0;1.0;0;1.0;0;0;1.0;0;0;1.0;0;0;1.0;1.0;0;0;0;0;0
73849;2.71;0.90;47.0;2913.0;30.0;48.0;20.25;7.05;20.26;14.39;12.85;13.53;2.31;173364.0;47.0;48.0;88.0;4520.0;991.26;703.11;3.0;1.0;0;1.0;0;0;1.0;0;0;1.0;0;0;1.0;1.0;0;0;0;0;0
74365;2.55;0.86;48.0;3023.0;30.0;48.0;21.75;7.05;20.05;14.39;8.98;9.02;2.31;173364.0;49.0;49.0;88.0;4516.0;991.34;683.58;3.0;1.0;0;1.0;0;0;1.0;0;0;1.0;0;0;1.0;1.0;0;0;0;0;0
74870;2.34;0.83;51.0;3133.0;30.0;48.0;24.0;6.66;19.16;14.29;4.98;5.11;2.58;173364.0;50.0;51.0;88.0;4530.0;991.34;683.58;3.0;1.0;0;1.0;0;0;1.0;0;0;1.0;0;0;1.0;1.0;0;0;0;0;0
75390;1.55;0.99;51.0;3111.0;30.0;48.0;25.5;2.35;10.07;14.39;2.42;2.48;2.31;173364.0;51.0;52.0;88.0;4519.0;991.37;722.64;3.0;1.0;0;1.0;0;0;1.0;0;0;1.0;0;0;1.0;1.0;0;0;0;0;0
75889;1.42;0.98;51.0;3175.0;30.0;48.0;25.5;1.96;9.01;14.39;1.11;1.15;2.31;173364.0;51.0;51.0;88.0;4520.0;991.41;722.64;3.0;1.0;0;1.0;0;0;1.0;0;0;1.0;0;0;1.0;1.0;0;0;0;0;0
76422;1.28;0.97;51.0;3173.0;30.0;48.75;25.5;1.56;7.97;14.48;6.69;14.80;2.31;173364.0;51.0;52.0;87.0;4523.0;991.34;703.11;3.0;1.0;0;1.0;0;0;1.0;0;0;1.0;0;0;1.0;1.0;0;0;0;0;0
76945;1.04;1.00;50.0;3093.0;30.0;48.75;6.75;0;12.20;14.39;43.41;112.04;2.31;173364.0;51.0;51.0;87.0;4520.0;991.30;468.74;3.0;1.0;0;1.0;0;0;1.0;0;0;1.0;0;0;1.0;1.0;0;0;0;0;0
77492;1.05;1.00;48.0;3025.0;30.0;48.75;6.75;0;12.15;14.39;203.07;230.74;2.31;173364.0;49.0;49.0;87.0;4460.0;991.37;722.64;3.0;1.0;0;1.0;0;0;1.0;0;0;1.0;0;0;1.0;1.0;0;0;0;0;0
77989;2.72;0.98;50.0;3098.0;30.0;49.5;12.0;5.88;15.42;14.39;277.09;283.39;2.31;173364.0;50.0;50.0;86.0;4493.0;991.37;703.11;3.0;1.0;0;1.0;0;0;1.0;0;0;1.0;0;0;1.0;1.0;0;0;0;0;0
78553;2.17;0.95;52.0;3196.0;30.0;49.5;21.0;4.70;13.88;14.39;312.32;324.10;2.31;173364.0;51.0;52.0;86.0;4522.0;991.41;703.11;3.0;1.0;0;1.0;0;0;1.0;0;0;1.0;0;0;1.0;1.0;0;0;0;0;0
79072;1.66;0.93;53.0;3263.0;30.0;49.5;29.25;3.13;11.68;14.48;313.35;338.57;2.31;173364.0;53.0;54.0;86.0;4520.0;991.45;703.11;3.0;1.0;0;1.0;0;0;1.0;0;0;1.0;0;0;1.0;1.0;0;0;0;0;0
79681;0.94;0.91;53.0;3399.0;30.0;49.5;32.25;1.17;6.55;14.48;342.39;345.36;2.31;173364.0;53.0;54.0;86.0;4521.0;991.41;722.64;3.0;1.0;0;1.0;0;0;1.0;0;0;0;0;0;1.0;1.0;0;0;0;0;0
80199;0.88;1.00;53.0;3300.0;30.0;50.25;-30.0;0;0;14.48;225.80;239.76;2.31;173364.0;54.0;54.0;85.0;4540.0;991.45;0;3.0;1.0;0;1.0;0;0;1.0;0;0;0;0;0;1.0;1.0;0;0;0;0;0
80786;0.88;1.00;52.0;3234.0;30.0;50.25;-30.0;0;0;14.48;119.89;114.62;2.31;173364.0;53.0;53.0;85.0;4542.0;991.49;0;3.0;1.0;0;1.0;0;0;1.0;0;0;0;0;0;1.0;1.0;0;0;0;0;0
81294;0.89;1.00;52.0;3204.0;30.0;50.25;-30.0;0;0;14.48;51.53;49.23;2.31;173364.0;52.0;52.0;85.0;4541.0;991.49;0;3.0;1.0;0;1.0;0;0;1.0;0;0;0;0;0;1.0;1.0;0;0;0;0;0
81796;0.96;1.00;51.0;3121.0;30.0;50.25;-30.0;0;0;14.48;24.56;24.70;2.31;173364.0;51.0;51.0;85.0;4540.0;991.49;19.53;3.0;1.0;0;1.0;0;0;1.0;0;0;0;0;0;1.0;1.0;0;0;0;0;0
82351;0.96;1.00;50.0;3061.0;30.0;50.25;-30.0;0;0;14.48;12.98;12.34;2.31;173364.0;50.0;50.0;85.0;4531.0;991.53;39.06;3.0;1.0;0;1.0;0;0;1.0;0;0;0;0;0;1.0;1.0;0;0;0;0;0
82916;0.96;1.00;48.0;3020.0;30.0;51.0;-30.0;0;0;14.48;7.92;7.38;2.31;173364.0;49.0;49.0;85.0;4526.0;991.53;58.59;3.0;1.0;0;1.0;0;0;1.0;0;0;1.0;0;0;1.0;1.0;0;0;0;0;0
83414;1.04;1.00;48.0;2966.0;30.0;51.0;-30.0;0;0;14.39;3.51;3.24;2.31;173364.0;48.0;48.0;85.0;4504.0;991.53;78.12;3.0;1.0;0;1.0;0;0;1.0;0;0;1.0;0;0;1.0;1.0;0;0;0;0;0
83983;1.38;1.00;47.0;2930.0;30.0;51.0;22.5;0.39;9.99;14.39;5.72;3.53;2.31;173364.0;48.0;48.0;85.0;4216.0;991.53;800.77;3.0;1.0;0;1.0;0;0;1.0;0;0;1.0;0;0;1.0;1.0;0;0;0;0;0
84566;1.02;1.00;47.0;2913.0;30.0;51.0;-30.0;0;0;14.39;2.20;1.34;2.31;173364.0;47.0;48.0;85.0;4293.0;991.53;58.59;3.0;1.0;0;1.0;0;0;1.0;0;0;1.0;0;0;1.0;1.0;0;0;0;0;0
85077;1.33;1.00;46.0;2825.0;30.0;51.0;3.0;0;10.79;14.39;1.07;1.93;2.31;173364.0;46.0;46.0;85.0;4181.0;991.53;78.12;3.0;1.0;0;1.0;0;0;1.0;0;0;1.0;0;0;1.0;1.0;0;0;0;0;0
85599;1.15;1.00;46.0;2825.0;30.0;51.0;5.25;0;12.04;14.39;0.48;0.93;2.31;173364.0;46.0;46.0;85.0;4266.0;991.53;97.65;3.0;1.0;0;1.0;0;0;1.0;0;0;1.0;0;0;0;1.0;0;0;0;0;0
86098;1.13;1.00;45.0;2776.0;30.0;51.0;5.25;0;12.11;14.48;0.19;1.97;2.31;173364.0;45.0;45.0;85.0;4400.0;991.57;97.65;3.0;1.0;0;1.0;0;0;1.0;0;0;1.0;0;0;1.0;1.0;0;0;0;0;0
86602;1.19;1.00;42.0;2587.0;30.0;51.0;4.5;0;12.15;14.29;0;1.01;2.58;173364.0;42.0;42.0;85.0;4459.0;991.57;117.18;3.0;1.0;0;1.0;0;0;1.0;0;0;1.0;0;0;1.0;1.0;0;0;0;0;0
87167;1.19;1.00;40.0;2448.0;30.0;51.75;4.5;0;11.93;14.48;2.08;0.48;2.31;173364.0;40.0;40.0;79.0;4495.0;991.65;117.18;3.0;1.0;0;1.0;0;0;1.0;0;0;1.0;0;0;1.0;1.0;0;0;0;0;0
87729;1.25;1.00;37.0;2321.0;30.0;51.75;5.25;0;12.08;14.29;11.01;10.70;2.58;173364.0;38.0;38.0;74.0;4544.0;991.92;117.18;3.0;1.0;0;1.0;0;0;1.0;0;0;1.0;0;0;1.0;1.0;0;0;0;0;0
88229;1.26;1.00;36.0;2238.0;30.0;51.75;3.75;0;11.85;14.39;23.49;26.75;2.31;173364.0;37.0;37.0;74.0;4535.0;991.96;117.18;3.0;1.0;0;1.0;0;0;1.0;0;0;1.0;0;0;1.0;1.0;0;0;0;0;0
88779;1.52;1.00;36.0;2208.0;30.0;51.75;13.5;1.17;8.95;14.39;65.48;61.22;2.31;173364.0;36.0;36.0;84.0;4537.0;992.16;117.18;3.0;1.0;0;1.0;0;0;1.0;0;0;1.0;0;0;1.0;1.0;0;0;0;0;0
89340;2.21;1.01;36.0;2251.0;30.0;51.75;14.25;2.74;13.34;14.39;39.68;36.20;2.31;173364.0;36.0;36.0;84.0;4516.0;992.35;136.71;3.0;1.0;0;1.0;0;0;1.0;0;0;1.0;0;0;1.0;1.0;0;0;0;0;0
90000;2.39;1.03;36.0;2224.0;30.0;51.75;13.5;2.74;13.91;14.48;23.37;22.45;2.31;173364.0;36.0;37.0;84.0;4483.0;992.47;839.83;3.0;1.0;0;1.0;0;0;1.0;0;0;1.0;0;0;1.0;1.0;0;0;0;0;0
90519;2.53;1.01;36.0;2244.0;30.0;51.75;14.25;3.92;15.72;14.39;13.69;12.63;2.31;173364.0;36.0;37.0;84.0;4507.0;992.59;781.24;3.0;1.0;0;1.0;0;0;1.0;0;0;1.0;0;0;1.0;1.0;0;0;0;0;0
91051;3.08;0.99;37.0;2262.0;30.0;51.75;14.25;6.27;19.88;14.48;8.43;9.37;2.31;173364.0;36.0;37.0;84.0;4471.0;992.62;839.83;3.0;1.0;0;1.0;0;0;1.0;0;0;1.0;0;0;1.0;1.0;0;0;0;0;0
91569;3.07;0.96;38.0;2391.0;30.0;51.75;15.0;7.05;20.93;14.39;4.41;5.17;2.31;173364.0;38.0;39.0;84.0;4480.0;992.66;820.30;3.0;1.0;0;1.0;0;0;1.0;0;0;1.0;0;0;1.0;1.0;0;0;0;0;0
92085;3.28;0.93;40.0;2482.0;30.0;52.5;15.75;9.41;23.59;14.39;4.88;36.87;2.31;173364.0;39.0;40.0;83.0;4487.0;992.70;800.77;3.0;1.0;0;1.0;0;0;1.0;0;0;1.0;0;0;1.0;1.0;0;0;0;0;0
92635;3.08;0.90;42.0;2637.0;30.0;52.5;17.25;9.41;23.24;14.39;42.45;80.46;2.31;173364.0;42.0;43.0;83.0;4513.0;992.70;644.52;3.0;1.0;0;1.0;0;0;1.0;0;0;1.0;0;0;1.0;1.0;0;0;0;0;0
93196;2.92;0.87;43.0;2713.0;30.0;52.5;18.0;9.02;23.16;14.39;97.65;132.13;2.31;173364.0;44.0;44.0;83.0;4524.0;992.70;253.90;3.0;1.0;0;1.0;0;0;1.0;0;0;1.0;0;0;1.0;1.0;0;0;0;0;0
93839;2.92;0.91;47.0;2888.0;30.0;52.5;20.25;8.62;22.14;14.39;131.30;136.00;2.31;173364.0;46.0;47.0;83.0;4522.0;992.74;781.24;3.0;1.0;0;1.0;0;0;1.0;0;0;1.0;0;0;1.0;1.0;0;0;0;0;0
94351;2.55;0.87;48.0;2979.0;30.0;52.5;22.5;7.45;21.28;14.39;117.19;124.56;2.31;173364.0;48.0;49.0;83.0;4529.0;992.74;664.05;3.0;1.0;0;1.0;0;0;1.0;0;0;1.0;0;0;1.0;1.0;0;0;0;0;0
94908;1.86;0.84;50.0;3022.0;30.0;52.5;24.0;4.70;14.86;14.39;217.29;196.17;2.31;173364.0;49.0;50.0;83.0;4523.0;992.74;585.93;3.0;1.0;0;1.0;0;0;1.0;0;0;1.0;0;0;1.0;1.0;0;0;0;0;0
95409;1.85;0.83;50.0;3065.0;30.0;52.5;24.75;4.70;14.95;14.39;290.72;275.50;2.31;173364.0;49.0;50.0;83.0;4514.0;992.74;58.59;3.0;1.0;0;1.0;0;0;1.0;0;0;1.0;0;0;1.0;1.0;0;0;0;0;0
95929;1.92;0.86;50.0;3007.0;30.0;52.5;24.75;4.70;14.97;14.48;307.81;316.93;2.31;173364.0;50.0;49.0;83.0;4507.0;992.74;78.12;3.0;1.0;0;1.0;0;0;1.0;0;0;1.0;0;0;1.0;1.0;0;0;0;0;0
96428;1.95;0.88;50.0;3098.0;30.0;52.5;26.25;4.70;14.94;14.39;298.26;304.45;2.31;173364.0;48.0;50.0;83.0;4522.0;992.74;429.68;3.0;1.0;0;1.0;0;0;1.0;0;0;1.0;0;0;1.0;1.0;0;0;0;0;0
96955;2.02;0.91;50.0;3100.0;30.0;52.5;26.25;4.70;15.22;14.39;293.90;289.64;2.31;173365.0;50.0;50.0;83.0;4506.0;992.74;781.24;3.0;1.0;0;1.0;0;0;1.0;0;0;1.0;0;0;1.0;1.0;0;0;0;0;0
97510;0.81;1.00;51.0;2890.0;30.0;53.25;6.0;0;11.91;14.39;321.75;319.99;2.31;173365.0;50.0;51.0;82.0;4565.0;992.74;820.30;3.0;1.0;0;1.0;0;0;1.0;0;0;1.0;0;0;1.0;1.0;0;0;0;0;0
98028;1.92;0.99;50.0;2642.0;30.0;53.25;18.0;2.74;11.83;14.39;328.76;242.28;2.31;173365.0;49.0;50.0;82.0;4491.0;992.74;820.30;4.0;1.0;0;1.0;0;0;1.0;0;0;1.0;0;0;1.0;1.0;0;0;0;0;0
98625;2.12;0.97;50.0;2570.0;30.0;53.25;18.75;3.52;14.07;14.39;335.77;245.06;2.31;173365.0;48.0;50.0;82.0;4481.0;992.74;800.77;4.0;1.0;0;1.0;0;0;1.0;0;0;1.0;0;0;1.0;1.0;0;0;0;0;0
99125;2.16;0.95;50.0;2615.0;30.0;53.25;19.5;3.92;14.69;14.39;336.65;206.51;2.31;173365.0;49.0;50.0;82.0;4483.0;992.74;761.70;4.0;1.0;0;1.0;0;0;1.0;0;0;1.0;0;0;1.0;1.0;0;0;0;0;0
99645;2.38;0.93;50.0;2617.0;30.0;54.0;19.5;5.09;16.87;14.39;287.85;160.67;2.31;173365.0;49.0;50.0;81.0;4513.0;992.74;585.93;4.0;1.0;0;1.0;0;0;1.0;0;0;1.0;0;0;1.0;1.0;0;0;0;0;0
100143;2.43;0.93;51.0;2614.0;30.0;54.0;20.25;5.09;17.36;14.39;152.84;80.91;2.31;173365.0;50.0;51.0;81.0;4506.0;992.74;722.64;4.0;1.0;0;1.0;0;0;1.0;0;0;1.0;0;0;1.0;1.0;0;0;0;0;0
100715;2.36;0.92;51.0;2686.0;30.0;54.0;21.0;5.09;17.11;14.29;85.56;45.23;2.58;173365.0;51.0;52.0;81.0;4521.0;992.74;742.17;4.0;1.0;0;1.0;0;0;1.0;0;0;1.0;0;0;1.0;1.0;0;0;0;0;0
101212;2.26;0.89;52.0;2707.0;30.0;54.0;21.75;5.09;17.23;14.39;45.40;25.27;2.31;173365.0;51.0;52.0;81.0;4526.0;992.74;683.58;4.0;1.0;0;1.0;0;0;1.0;0;0;1.0;0;0;1.0;1.0;0;0;0;0;0
101718;2.19;0.86;52.0;2759.0;30.0;54.0;21.75;5.09;16.93;14.39;25.33;14.08;2.31;173365.0;52.0;53.0;81.0;4508.0;992.74;664.05;4.0;1.0;0;1.0;0;0;1.0;0;0;1.0;0;0;1.0;1.0;0;0;0;0;0
102241;2.05;0.84;53.0;2813.0;30.0;54.0;22.5;5.09;16.52;14.39;14.10;9.10;2.31;173365.0;52.0;54.0;81.0;4512.0;992.74;195.31;4.0;1.0;0;1.0;0;0;1.0;0;0;1.0;0;0;1.0;1.0;0;0;0;0;0
102739;2.10;0.86;53.0;2824.0;30.0;54.0;22.5;4.70;16.52;14.29;10.40;4.49;2.58;173365.0;53.0;54.0;81.0;4524.0;992.74;39.06;4.0;1.0;0;1.0;0;0;1.0;0;0;1.0;0;0;1.0;1.0;0;0;0;0;0
103277;2.15;0.88;55.0;2857.0;30.0;54.75;24.0;5.09;16.65;14.39;5.44;2.28;2.31;173365.0;54.0;55.0;80.0;4503.0;992.74;624.99;4.0;1.0;0;1.0;0;0;1.0;0;0;1.0;0;0;1.0;1.0;0;0;0;0;0
103876;1.30;0.88;55.0;2827.0;30.0;54.75;23.25;2.74;11.81;14.29;2.81;1.19;2.58;173365.0;54.0;55.0;80.0;4524.0;992.74;820.30;4.0;1.0;0;1.0;0;0;1.0;0;0;1.0;0;0;1.0;1.0;0;0;0;0;0
104472;1.33;0.98;55.0;2779.0;30.0;54.75;23.25;1.17;8.45;14.39;1.26;0.46;2.31;173365.0;54.0;55.0;80.0;4524.0;992.74;820.30;4.0;1.0;0;1.0;0;0;1.0;0;0;1.0;0;0;1.0;1.0;0;0;0;0;0
104980;1.08;1.00;52.0;2788.0;30.0;55.5;6.0;0;11.83;14.39;9.31;34.02;2.31;173365.0;53.0;53.0;79.0;4527.0;992.74;742.17;4.0;1.0;0;1.0;0;0;1.0;0;0;1.0;0;0;1.0;1.0;0;0;0;0;0
105522;1.14;1.00;51.0;2661.0;30.0;55.5;5.25;0;11.81;14.39;73.64;39.13;2.31;173365.0;51.0;51.0;79.0;4502.0;992.74;761.70;4.0;1.0;0;1.0;0;0;1.0;0;0;1.0;0;0;1.0;1.0;0;0;0;0;0
106113;2.60;1.00;50.0;2633.0;30.0;55.5;12.0;3.52;12.13;14.39;116.39;84.93;2.31;173365.0;50.0;50.0;79.0;4491.0;992.74;761.70;4.0;1.0;0;1.0;0;0;1.0;0;0;1.0;0;0;1.0;1.0;0;0;0;0;0
106634;2.22;0.97;51.0;2662.0;30.0;55.5;17.25;3.92;14.13;14.39;234.88;208.77;2.31;173365.0;50.0;51.0;79.0;4502.0;992.74;722.64;4.0;1.0;0;1.0;0;0;1.0;0;0;1.0;0;0;1.0;1.0;0;0;0;0;0
107141;2.08;0.95;51.0;2684.0;30.0;55.5;21.75;3.92;14.56;14.39;296.27;270.09;2.31;173365.0;50.0;52.0;79.0;4516.0;992.74;722.64;4.0;1.0;0;1.0;0;0;1.0;0;0;1.0;0;0;1.0;1.0;0;0;0;0;0
107675;1.86;0.93;52.0;2725.0;30.0;55.5;22.5;3.13;13.38;14.39;321.09;289.76;2.31;173365.0;51.0;52.0;79.0;4513.0;993.02;742.17;4.0;1.0;0;1.0;0;0;1.0;0;0;1.0;0;0;1.0;1.0;0;0;0;0;0
108180;1.24;1.00;52.0;2388.0;30.0;56.25;3.75;0;11.70;14.39;315.87;323.67;2.31;173365.0;52.0;52.0;76.0;4549.0;993.25;761.70;4.0;1.0;0;1.0;0;0;1.0;0;0;1.0;0;0;1.0;1.0;0;0;0;0;0
108738;1.15;1.00;50.0;2645.0;30.0;56.25;5.25;0;11.88;14.48;297.55;336.73;2.31;173365.0;50.0;51.0;79.0;4511.0;993.25;703.11;4.0;1.0;0;1.0;0;0;1.0;0;0;1.0;0;0;1.0;1.0;0;0;0;0;0
109259;1.19;1.00;48.0;2556.0;30.0;56.25;4.5;0;11.86;14.39;300.68;269.37;2.31;173365.0;49.0;49.0;79.0;4508.0;993.17;742.17;4.0;1.0;0;1.0;0;0;1.0;0;0;1.0;0;0;1.0;1.0;0;0;0;0;0
109803;1.17;1.00;47.0;2484.0;30.0;56.25;3.75;0;11.60;14.48;294.88;251.70;2.31;173365.0;47.0;48.0;79.0;4514.0;993.17;644.52;4.0;1.0;0;1.0;0;0;1.0;0;0;1.0;0;0;1.0;1.0;0;0;0;0;0
110426;1.21;1.00;45.0;2345.0;30.0;57.0;5.25;0;11.49;14.48;201.11;207.05;2.31;173365.0;45.0;45.0;68.0;4529.0;993.41;507.80;4.0;1.0;0;1.0;0;0;1.0;0;0;1.0;0;0;1.0;1.0;0;0;0;0;0
111002;1.30;1.00;42.0;2179.0;30.0;57.0;4.5;0;11.57;14.48;151.51;160.22;2.31;173365.0;42.0;42.0;69.0;4547.0;993.29;58.59;4.0;1.0;0;1.0;0;0;1.0;0;0;1.0;0;0;1.0;1.0;0;0;0;0;0
111500;1.35;1.00;40.0;2101.0;30.0;57.0;4.5;0;11.81;14.39;91.45;97.10;2.31;173365.0;40.0;40.0;68.0;4536.0;993.33;0;4.0;1.0;0;1.0;0;0;1.0;0;0;1.0;0;0;1.0;1.0;0;0;0;0;0
112014;1.50;1.00;37.0;1968.0;30.0;57.0;3.75;0;11.53;14.29;68.68;71.46;2.58;173365.0;38.0;38.0;69.0;4531.0;993.37;742.17;4.0;1.0;0;1.0;0;0;1.0;0;0;1.0;0;0;1.0;1.0;0;0;0;0;0
112513;1.59;1.00;35.0;1852.0;30.0;57.0;3.75;0;11.61;14.39;52.39;50.15;2.31;173365.0;35.0;36.0;70.0;4510.0;993.41;761.70;4.0;1.0;0;1.0;0;0;1.0;0;0;1.0;0;0;1.0;1.0;0;0;0;0;0
113035;1.52;1.00;35.0;1838.0;30.0;57.0;3.75;0;11.53;14.39;41.69;39.00;2.31;173365.0;35.0;35.0;67.0;4512.0;993.60;742.17;4.0;1.0;0;1.0;0;0;1.0;0;0;1.0;0;0;1.0;1.0;0;0;0;0;0
113538;1.73;0.99;33.0;1789.0;30.75;57.0;11.25;0.78;10.09;14.48;71.46;42.12;2.31;173365.0;34.0;34.0;78.0;4517.0;993.68;683.58;4.0;1.0;0;1.0;0;0;1.0;0;0;1.0;0;0;1.0;1.0;0;0;0;0;0
114311;1.77;0.99;33.0;1621.0;30.75;57.0;4.5;0;11.90;14.39;112.90;44.31;2.31;173365.0;33.0;33.0;70.0;4505.0;993.76;585.93;3.0;1.0;0;1.0;0;0;1.0;0;0;1.0;0;0;1.0;1.0;0;0;0;0;0
114828;1.49;1.00;30.0;1847.0;30.75;57.75;3.75;0;11.48;14.48;63.17;54.21;2.31;173365.0;30.0;30.0;67.0;4514.0;993.84;742.17;3.0;1.0;0;1.0;0;0;1.0;0;0;1.0;0;0;1.0;1.0;0;0;0;0;0
115328;1.74;0.99;26.0;1645.0;30.75;57.75;3.75;0;11.58;14.39;45.56;133.85;2.31;173365.0;26.0;26.0;68.0;4510.0;993.91;742.17;3.0;1.0;0;1.0;0;0;1.0;0;0;1.0;0;0;1.0;1.0;0;0;0;0;0
115856;2.04;0.97;21.0;1334.0;30.75;57.75;4.5;0;11.80;14.39;37.18;125.46;2.31;173365.0;21.0;22.0;66.0;4481.0;993.84;390.62;3.0;1.0;0;1.0;0;0;1.0;0;0;1.0;0;0;0;1.0;0;0;0;0;0
116465;1.96;0.96;17.0;1328.0;30.75;57.75;5.25;0;11.96;14.39;27.57;192.64;2.31;173365.0;17.0;17.0;67.0;4509.0;993.91;722.64;3.0;1.0;0;1.0;0;0;1.0;0;0;1.0;0;0;1.0;1.0;0;0;0;0;0
116984;1.58;0.99;16.0;1706.0;30.75;57.75;4.5;0;11.68;14.39;21.95;154.81;2.31;173365.0;16.0;16.0;66.0;4505.0;993.91;742.17;2.0;1.0;0;1.0;0;0;1.0;0;0;1.0;0;0;1.0;1.0;0;0;0;0;0
117539;2.85;1.00;15.0;1424.0;30.75;57.75;12.0;1.96;15.80;14.48;15.95;112.82;2.31;173365.0;16.0;16.0;79.0;4566.0;993.95;781.24;2.0;1.0;0;1.0;0;0;1.0;0;0;1.0;0;0;1.0;1.0;0;0;0;0;0
118060;2.76;0.98;16.0;1495.0;30.75;58.5;11.25;2.74;16.51;14.39;16.30;79.93;2.31;173365.0;17.0;17.0;76.0;4539.0;993.95;722.64;2.0;1.0;0;1.0;0;0;1.0;0;0;1.0;0;0;1.0;1.0;0;0;0;0;0
118568;2.68;0.96;18.0;1507.0;30.75;58.5;11.25;2.74;16.40;14.48;13.24;64.54;2.31;173365.0;18.0;19.0;76.0;4523.0;993.99;722.64;2.0;1.0;0;1.0;0;0;1.0;0;0;1.0;0;0;1.0;1.0;0;0;0;0;0
119090;2.60;0.95;20.0;1606.0;30.75;58.5;11.25;2.74;16.25;14.39;9.60;44.58;2.31;173365.0;20.0;20.0;76.0;4510.0;993.99;585.93;2.0;1.0;0;1.0;0;0;1.0;0;0;1.0;0;0;1.0;1.0;0;0;0;0;0
119716;2.31;0.93;21.0;1702.0;30.75;58.5;11.25;2.35;14.79;14.48;7.71;29.19;2.31;173365.0;22.0;22.0;76.0;4502.0;993.91;527.33;2.0;1.0;0;1.0;0;0;1.0;0;0;1.0;0;0;1.0;1.0;0;0;0;0;0
120214;2.88;0.93;22.0;1810.0;30.75;58.5;12.0;4.31;18.90;14.48;5.25;21.87;2.31;173365.0;23.0;23.0;76.0;4507.0;993.95;0;2.0;1.0;0;1.0;0;0;1.0;0;0;1.0;0;0;1.0;1.0;0;0;0;0;0
120734;2.78;0.95;25.0;2008.0;30.75;58.5;13.5;4.70;18.56;14.39;3.37;14.29;2.31;173365.0;26.0;25.0;76.0;4502.0;993.95;468.74;2.0;1.0;0;1.0;0;0;1.0;0;0;1.0;0;0;1.0;1.0;0;0;0;0;0
121230;2.66;0.95;27.0;2152.0;30.75;58.5;15.75;4.70;18.05;14.48;1.91;7.92;2.31;173365.0;27.0;28.0;76.0;4460.0;993.95;722.64;2.0;1.0;0;1.0;0;0;1.0;0;0;1.0;0;0;1.0;1.0;0;0;0;0;0
121750;2.46;0.93;30.0;2351.0;30.75;58.5;18.0;4.70;17.66;14.48;2.67;4.88;2.31;173365.0;29.0;30.0;76.0;4478.0;993.99;722.64;2.0;1.0;0;1.0;0;0;1.0;0;0;1.0;0;0;1.0;1.0;0;0;0;0;0
122260;2.28;0.91;31.0;2434.0;30.75;59.25;18.75;4.31;16.91;14.39;1.60;55.15;2.31;173365.0;31.0;31.0;75.0;4509.0;993.99;664.05;2.0;1.0;0;1.0;0;0;1.0;0;0;1.0;0;0;1.0;1.0;0;0;0;0;0
122783;1.96;0.89;32.0;2507.0;30.75;59.25;20.25;3.13;15.80;14.39;34.43;114.75;2.31;173365.0;32.0;32.0;75.0;4567.0;993.99;312.49;2.0;1.0;0;1.0;0;0;1.0;0;0;1.0;0;0;1.0;1.0;0;0;0;0;0
123352;1.95;0.99;32.0;1409.0;30.75;59.25;6.75;0;12.59;14.48;50.77;81.55;2.31;173365.0;32.0;32.0;72.0;4553.0;993.91;781.24;3.0;1.0;0;1.0;0;0;1.0;0;0;1.0;0;0;1.0;1.0;0;0;0;0;0
123873;1.80;0.97;31.0;1981.0;30.75;59.25;13.5;1.56;11.58;14.39;68.94;75.81;2.31;173365.0;31.0;32.0;75.0;4538.0;993.95;683.58;3.0;1.0;0;1.0;0;0;1.0;0;0;1.0;0;0;1.0;1.0;0;0;0;0;0
124368;2.25;0.96;32.0;1996.0;30.75;59.25;13.5;2.74;14.72;14.48;180.88;123.58;2.31;173365.0;32.0;32.0;75.0;4511.0;993.95;722.64;3.0;1.0;0;1.0;0;0;1.0;0;0;1.0;0;0;1.0;1.0;0;0;0;0;0
124943;2.32;0.94;32.0;2060.0;30.75;59.25;14.25;3.13;15.57;14.48;244.35;206.76;2.31;173365.0;33.0;33.0;75.0;4506.0;993.95;273.43;3.0;1.0;0;1.0;0;0;1.0;0;0;1.0;0;0;1.0;1.0;0;0;0;0;0
125553;2.48;0.95;33.0;2131.0;30.75;59.25;15.0;3.92;16.58;14.48;286.40;233.26;2.31;173365.0;34.0;34.0;75.0;4485.0;993.99;0;3.0;1.0;0;1.0;0;0;1.0;0;0;1.0;0;0;1.0;1.0;0;0;0;0;0
126099;2.48;0.97;35.0;2217.0;30.75;60.0;17.25;3.92;17.01;14.39;309.15;267.69;2.31;173365.0;35.0;36.0;74.0;4492.0;993.99;742.17;3.0;1.0;0;1.0;0;0;1.0;0;0;1.0;0;0;1.0;1.0;0;0;0;0;0
126659;2.4;0.95;36.0;2255.0;30.75;60.0;17.25;3.92;16.80;14.48;236.02;283.55;2.31;173365.0;36.0;37.0;74.0;4478.0;993.99;761.70;3.0;1.0;0;1.0;0;0;1.0;0;0;1.0;0;0;1.0;1.0;0;0;0;0;0
127183;2.29;0.92;37.0;2334.0;30.75;60.0;18.0;3.92;16.47;14.39;266.13;280.00;2.31;173365.0;37.0;38.0;74.0;4502.0;993.99;761.70;3.0;1.0;0;1.0;0;0;1.0;0;0;1.0;0;0;1.0;1.0;0;0;0;0;0
127724;2.2;0.90;38.0;2377.0;30.75;60.0;19.5;3.92;16.36;14.48;273.30;245.90;2.31;173365.0;38.0;39.0;74.0;4492.0;993.99;683.58;3.0;1.0;0;1.0;0;0;1.0;0;0;1.0;0;0;1.0;1.0;0;0;0;0;0
128271;2.11;0.88;40.0;2437.0;30.75;60.0;20.25;3.92;16.29;14.48;316.91;237.34;2.31;173365.0;39.0;40.0;74.0;4511.0;993.99;624.99;3.0;1.0;0;1.0;0;0;1.0;0;0;1.0;0;0;1.0;1.0;0;0;0;0;0
128783;2.08;0.88;40.0;2505.0;30.75;60.0;21.0;3.92;16.01;14.39;276.99;217.97;2.31;173365.0;40.0;41.0;74.0;4498.0;993.99;742.17;3.0;1.0;0;1.0;0;0;1.0;0;0;1.0;0;0;1.0;1.0;0;0;0;0;0
129288;1.98;0.86;41.0;2542.0;30.75;60.0;21.75;3.92;15.54;14.48;270.00;198.32;2.31;173365.0;41.0;42.0;74.0;4510.0;993.99;605.46;3.0;1.0;0;1.0;0;0;1.0;0;0;1.0;0;0;1.0;1.0;0;0;0;0;0
129847;1.92;0.86;41.0;2579.0;30.75;60.0;21.75;3.92;15.02;14.39;310.09;251.89;2.31;173365.0;41.0;42.0;74.0;4507.0;993.99;0;3.0;1.0;0;1.0;0;0;1.0;0;0;1.0;0;0;1.0;1.0;0;0;0;0;0
130350;1.91;0.88;42.0;2605.0;30.75;60.75;22.5;3.52;14.72;14.29;334.68;291.64;2.58;173365.0;42.0;43.0;74.0;4508.0;993.99;742.17;3.0;1.0;0;1.0;0;0;1.0;0;0;1.0;0;0;1.0;1.0;0;0;0;0;0
130875;1.88;0.87;42.0;2630.0;30.75;60.75;23.25;3.52;14.83;14.48;352.67;306.38;2.31;173365.0;42.0;43.0;74.0;4507.0;993.99;722.64;3.0;1.0;0;1.0;0;0;1.0;0;0;1.0;0;0;1.0;1.0;0;0;0;0;0
131390;1.63;0.85;42.0;2632.0;30.75;60.75;22.5;2.74;12.83;14.48;351.95;316.19;2.31;173365.0;42.0;43.0;74.0;4516.0;993.99;761.70;3.0;1.0;0;1.0;0;0;1.0;0;0;1.0;0;0;1.0;1.0;0;0;0;0;0
131888;1.59;0.84;42.0;2606.0;30.75;60.75;23.25;2.74;12.82;14.48;350.81;321.67;2.31;173365.0;42.0;43.0;74.0;4516.0;993.99;742.17;3.0;1.0;0;1.0;0;0;1.0;0;0;1.0;0;0;1.0;1.0;0;0;0;0;0
132405;1.51;0.82;42.0;2582.0;30.75;60.75;21.75;2.35;12.18;14.39;329.43;334.64;2.31;173365.0;43.0;42.0;74.0;4514.0;993.99;703.11;3.0;1.0;0;1.0;0;0;1.0;0;0;1.0;0;0;1.0;1.0;0;0;0;0;0
132926;0.96;0.80;41.0;2574.0;30.75;60.75;21.0;0.39;7.61;14.48;316.32;323.67;2.31;173365.0;40.0;41.0;74.0;4514.0;993.99;644.52;3.0;1.0;0;1.0;0;0;1.0;0;0;1.0;0;0;1.0;1.0;0;0;0;0;0
133423;1.13;1.00;38.0;2422.0;30.75;61.5;5.25;0;11.35;14.39;212.89;183.38;2.31;173365.0;39.0;39.0;66.0;4531.0;993.99;683.58;3.0;1.0;0;1.0;0;0;1.0;0;0;1.0;0;0;1.0;1.0;0;0;0;0;0
134085;2.57;0.99;37.0;2359.0;30.75;61.5;3.75;4.31;12.20;14.39;199.03;144.75;2.31;173365.0;36.0;37.0;73.0;4532.0;993.99;722.64;3.0;1.0;0;1.0;0;0;1.0;0;0;1.0;0;0;1.0;1.0;0;0;0;0;0
135382;2.40;0.97;36.0;2249.0;30.75;61.5;13.5;3.92;15.51;14.29;105.71;81.01;2.58;173365.0;36.0;36.0;73.0;4523.0;993.99;683.58;3.0;1.0;0;1.0;0;0;1.0;0;0;1.0;0;0;1.0;1.0;0;0;0;0;0
135901;2.07;0.95;36.0;2220.0;30.75;61.5;17.25;2.74;14.53;14.48;59.15;45.29;2.31;173365.0;35.0;36.0;73.0;4520.0;993.99;722.64;3.0;1.0;0;1.0;0;0;1.0;0;0;1.0;0;0;1.0;1.0;0;0;0;0;0
136399;1.56;0.93;35.0;2150.0;30.75;61.5;16.5;1.56;10.84;14.48;33.06;25.29;2.31;173365.0;35.0;34.0;73.0;4544.0;993.99;742.17;3.0;1.0;0;1.0;0;0;1.0;0;0;1.0;0;0;1.0;1.0;0;0;0;0;0
136911;1.48;0.91;32.0;2031.0;30.75;61.5;15.0;1.17;10.22;14.48;21.61;15.70;2.31;173365.0;33.0;33.0;73.0;4533.0;993.99;292.96;3.0;1.0;0;1.0;0;0;1.0;0;0;1.0;0;0;1.0;1.0;0;0;0;0;0
137431;1.41;0.92;31.0;1928.0;30.75;61.5;14.25;0.78;9.67;14.48;15.91;10.78;2.31;173365.0;31.0;31.0;73.0;4518.0;993.99;0;3.0;1.0;0;1.0;0;0;1.0;0;0;1.0;0;0;1.0;1.0;0;0;0;0;0
137939;1.56;1.00;28.0;1830.0;30.75;61.5;3.75;0;11.43;14.48;44.25;10.62;2.31;173365.0;29.0;29.0;65.0;4523.0;993.99;781.24;3.0;1.0;0;1.0;0;0;1.0;0;0;1.0;0;0;1.0;1.0;0;0;0;0;0
138461;1.95;0.98;27.0;1340.0;30.75;62.25;3.75;0;11.42;14.39;41.24;16.15;2.31;173365.0;28.0;28.0;65.0;4496.0;993.99;761.70;3.0;1.0;0;1.0;0;0;1.0;0;0;1.0;0;0;1.0;1.0;0;0;0;0;0
139020;1.71;0.96;26.0;1560.0;30.75;62.25;3.75;0;11.25;14.58;30.01;11.69;2.31;173365.0;26.0;26.0;63.0;4521.0;993.99;742.17;3.0;1.0;0;1.0;0;0;1.0;0;0;1.0;0;0;1.0;1.0;0;0;0;0;0
139556;1.81;0.95;23.0;1466.0;30.75;62.25;3.75;0;11.23;14.58;25.56;23.53;2.31;173365.0;23.0;24.0;63.0;4483.0;993.99;742.17;3.0;1.0;0;1.0;0;0;1.0;0;0;1.0;0;0;1.0;1.0;0;0;0;0;0
140056;1.88;0.93;20.0;1344.0;30.75;62.25;3.75;0;11.28;14.39;28.41;20.91;2.31;173365.0;20.0;21.0;62.0;4497.0;993.99;742.17;3.0;1.0;0;1.0;0;0;1.0;0;0;1.0;0;0;1.0;1.0;0;0;0;0;0
140669;1.86;0.91;17.0;1320.0;30.75;62.25;4.5;0;11.58;14.39;125.49;17.53;2.31;173365.0;18.0;18.0;62.0;4507.0;993.99;664.05;3.0;1.0;0;1.0;1.0;0;1.0;0;0;1.0;0;0;1.0;1.0;0;0;1.0;0;0
141238;1.77;0.90;15.0;1340.0;30.75;62.25;4.5;0;11.64;14.58;127.60;16.32;2.31;173365.0;15.0;15.0;66.0;4519.0;993.99;0;3.0;1.0;0;1.0;1.0;0;1.0;0;0;1.0;0;0;1.0;1.0;0;0;1.0;0;0
141736;1.85;0.92;12.0;1303.0;30.75;62.25;6.0;0;12.00;14.39;95.22;13.59;2.31;173365.0;13.0;13.0;66.0;4516.0;993.99;0;2.0;1.0;0;1.0;0;0;1.0;0;0;1.0;0;0;1.0;1.0;0;0;0;0;0
142255;1.89;0.93;10.0;1332.0;30.75;63.0;4.5;0;11.72;14.29;90.54;14.74;2.58;173365.0;11.0;10.0;61.0;4507.0;993.99;0;0;1.0;0;1.0;0;0;1.0;0;0;1.0;0;0;1.0;1.0;0;0;1.0;0;0
142779;1.85;0.95;7.0;1371.0;30.75;63.0;3.75;0;11.23;14.39;81.38;14.29;2.31;173365.0;8.0;8.0;61.0;4517.0;993.99;58.59;0;1.0;0;1.0;0;0;1.0;0;0;1.0;0;0;1.0;1.0;0;0;1.0;0;0
143370;1.91;0.97;5.0;1298.0;30.75;63.0;6.75;0;12.09;14.39;59.27;13.04;2.31;173365.0;5.0;5.0;62.0;4516.0;993.99;429.68;0;1.0;0;1.0;0;0;1.0;0;0;1.0;0;0;1.0;1.0;0;0;1.0;0;0
143925;1.87;0.96;2.0;1311.0;30.75;63.0;6.75;0;12.09;14.48;44.09;14.56;2.31;173365.0;3.0;3.0;61.0;4513.0;993.99;742.17;0;1.0;0;1.0;0;0;1.0;0;0;1.0;0;0;1.0;1.0;0;0;1.0;0;0
144448;1.84;0.95;0;1331.0;30.75;63.0;6.0;0;11.78;14.39;36.44;26.03;2.31;173365.0;0;0;62.0;4522.0;993.99;214.84;0;1.0;0;1.0;0;0;1.0;0;0;1.0;0;0;1.0;1.0;0;0;1.0;0;0
144951;1.84;0.96;0;1340.0;30.75;63.0;5.25;0;11.66;14.39;77.43;40.68;2.31;173365.0;0;0;62.0;4509.0;993.99;39.06;0;1.0;0;1.0;0;0;1.0;0;0;1.0;0;0;1.0;1.0;0;0;1.0;0;0
145514;1.89;0.97;0;1305.0;30.75;63.0;6.75;0;12.11;14.39;107.57;31.59;2.31;173365.0;0;0;62.0;4505.0;993.99;19.53;0;1.0;0;1.0;0;0;1.0;0;0;1.0;0;0;1.0;1.0;0;0;1.0;0;0
146021;1.76;0.99;0;1405.0;30.75;63.0;3.0;0;11.06;14.39;74.35;29.62;2.31;173365.0;0;0;61.0;4510.0;993.99;39.06;0;1.0;0;1.0;0;0;1.0;0;0;1.0;0;0;1.0;1.0;0;0;1.0;0;0
146541;1.92;1.00;0;1330.0;30.75;63.75;5.25;0;11.59;14.29;72.30;24.93;2.58;173365.0;0;0;59.0;4512.0;993.99;58.59;0;1.0;0;1.0;0;0;1.0;0;0;1.0;0;0;1.0;1.0;0;0;1.0;0;0
147070;1.92;1.02;0;1332.0;30.75;63.75;6.0;0;11.58;14.48;59.41;41.87;2.31;173365.0;0;0;59.0;4513.0;993.99;97.65;0;1.0;0;1.0;0;0;1.0;0;0;1.0;0;0;1.0;1.0;0;0;1.0;0;0
147604;1.88;1.02;0;1316.0;30.75;63.75;7.5;0;12.00;14.39;51.81;89.60;2.31;173365.0;0;0;59.0;4509.0;993.99;800.77;0;1.0;0;1.0;0;0;1.0;0;0;1.0;0;0;1.0;1.0;0;0;1.0;0;0
148164;1.92;1.00;0;1315.0;30.75;63.75;6.75;0;11.88;14.39;141.69;125.69;2.31;173365.0;0;0;59.0;4501.0;993.91;761.70;0;1.0;0;1.0;0;0;1.0;0;0;1.0;0;0;1.0;1.0;0;0;1.0;0;0
148720;1.88;0.99;0;1336.0;30.75;63.75;6.0;0;11.56;14.48;193.50;171.90;2.31;173365.0;0;0;59.0;4520.0;993.95;722.64;0;1.0;0;1.0;0;0;1.0;0;0;1.0;0;0;1.0;1.0;0;0;1.0;0;0
149217;1.78;0.98;0;1308.0;30.75;63.75;7.5;0;12.03;14.39;228.42;217.13;2.31;173365.0;0;0;59.0;4515.0;993.95;78.12;0;1.0;0;1.0;0;0;1.0;0;0;1.0;0;0;1.0;1.0;0;0;1.0;0;0
149735;1.87;0.99;0;1341.0;30.75;63.75;6.0;0;11.57;14.39;222.68;239.22;2.31;173365.0;0;0;59.0;4506.0;993.91;39.06;0;1.0;0;1.0;0;0;1.0;0;0;1.0;0;0;1.0;1.0;0;0;1.0;0;0
150291;1.83;1.00;0;1350.0;30.75;63.75;6.0;0;11.57;14.20;244.16;268.45;2.58;173365.0;0;0;59.0;4500.0;993.84;781.24;0;1.0;0;1.0;0;0;1.0;0;0;1.0;0;0;1.0;1.0;0;0;1.0;0;0
150811;1.84;0.99;0;1286.0;30.75;63.75;8.25;0;12.23;14.29;244.10;261.81;2.58;173365.0;0;0;59.0;4529.0;993.91;566.39;0;1.0;0;1.0;0;0;1.0;0;0;1.0;0;0;1.0;1.0;0;0;1.0;0;0
151388;1.81;0.98;0;1315.0;30.75;63.75;7.5;0;12.11;14.48;200.84;193.01;2.31;173365.0;0;0;60.0;4513.0;993.91;39.06;0;1.0;0;1.0;0;0;1.0;0;0;1.0;0;0;1.0;1.0;0;0;1.0;0;0
151913;1.89;1.00;0;1368.0;30.75;63.75;5.25;0;11.48;14.48;168.17;155.67;2.31;173365.0;0;0;61.0;4509.0;993.95;78.12;0;1.0;0;1.0;0;0;1.0;0;0;1.0;0;0;1.0;1.0;0;0;1.0;0;0
152511;1.92;1.02;0;1326.0;30.75;64.5;6.75;0;11.96;14.39;161.51;113.43;2.31;173365.0;0;0;59.0;4503.0;993.95;683.58;0;1.0;0;1.0;0;0;1.0;0;0;1.0;0;0;1.0;1.0;0;0;1.0;0;0
153013;1.80;1.01;0;1368.0;30.75;64.5;6.0;0;11.49;14.39;166.94;92.80;2.31;173365.0;0;0;58.0;4529.0;993.99;781.24;0;1.0;0;1.0;0;0;1.0;0;0;1.0;0;0;1.0;1.0;0;0;1.0;0;0
153544;1.86;0.99;0;1330.0;30.75;64.5;7.5;0;11.91;14.39;134.26;77.94;2.31;173365.0;0;0;57.0;4522.0;993.99;488.27;0;1.0;0;1.0;0;0;1.0;0;0;1.0;0;0;1.0;1.0;0;0;1.0;0;0
154046;1.83;1.00;0;1369.0;30.75;64.5;5.25;0;11.18;14.48;110.52;56.77;2.31;173365.0;0;0;56.0;4504.0;993.99;742.17;0;1.0;0;1.0;0;0;1.0;0;0;1.0;0;0;1.0;1.0;0;0;1.0;0;0
154567;1.76;0.98;0;1330.0;30.75;64.5;7.5;0;11.79;14.39;80.52;43.57;2.31;173365.0;0;0;56.0;4525.0;993.99;468.74;0;1.0;0;1.0;0;0;1.0;0;0;1.0;0;0;1.0;1.0;0;0;1.0;0;0
155076;1.77;0.99;0;1339.0;30.75;64.5;6.75;0;11.65;14.48;64.97;31.73;2.31;173365.0;0;0;57.0;4517.0;993.99;624.99;0;1.0;0;1.0;0;0;1.0;0;0;1.0;0;0;1.0;1.0;0;0;1.0;0;0
155597;1.83;0.98;0;1318.0;30.75;64.5;8.25;0;12.02;14.29;49.89;23.08;2.58;173365.0;0;0;57.0;4512.0;993.99;175.77;0;1.0;0;1.0;0;0;1.0;0;0;1.0;0;0;1.0;1.0;0;0;1.0;0;0
156191;1.80;0.99;0;1323.0;30.75;64.5;8.25;0;12.05;14.39;32.67;17.90;2.31;173365.0;0;0;57.0;4522.0;993.99;683.58;0;1.0;0;1.0;0;0;1.0;0;0;1.0;0;0;1.0;1.0;0;0;1.0;0;0
156711;1.70;0.98;0;1365.0;30.75;65.25;5.25;0;11.23;14.29;29.97;19.19;2.58;173365.0;0;0;56.0;4513.0;993.99;58.59;0;1.0;0;1.0;0;0;1.0;0;0;1.0;0;0;1.0;1.0;0;0;1.0;0;0
157269;1.76;0.99;0;1303.0;30.75;65.25;8.25;0;11.89;14.48;56.87;13.96;2.31;173365.0;0;0;54.0;4501.0;993.99;58.59;0;1.0;0;1.0;0;0;1.0;0;0;1.0;0;0;1.0;1.0;0;0;1.0;0;0
157786;1.74;1.01;0;1345.0;30.75;65.25;6.75;0;11.50;14.39;87.70;25.03;2.31;173365.0;0;0;54.0;4505.0;993.99;722.64;0;1.0;0;1.0;0;0;1.0;0;0;1.0;0;0;1.0;1.0;0;0;1.0;0;0
158367;1.73;0.99;0;1348.0;30.75;65.25;6.75;0;11.46;14.39;162.97;19.15;2.31;173365.0;0;0;55.0;4520.0;993.99;78.12;0;1.0;0;1.0;0;0;1.0;0;0;1.0;0;0;1.0;1.0;0;0;1.0;0;0
158873;1.84;1.02;0;1323.0;30.75;65.25;8.25;0;11.76;14.48;173.34;19.11;2.31;173365.0;0;0;54.0;4507.0;993.99;488.27;0;1.0;0;1.0;0;0;1.0;0;0;1.0;0;0;1.0;1.0;0;0;1.0;0;0
159404;1.77;1.01;0;1326.0;30.75;65.25;7.5;0;11.61;14.39;191.47;85.24;2.31;173365.0;0;0;53.0;4518.0;993.99;781.24;0;1.0;0;1.0;0;0;1.0;0;0;1.0;0;0;1.0;1.0;0;0;1.0;0;0
159949;1.71;0.99;0;1355.0;30.75;65.25;6.75;0;11.41;14.39;147.09;73.66;2.31;173365.0;0;0;54.0;4523.0;993.99;781.24;0;1.0;0;1.0;0;0;1.0;0;0;1.0;0;0;1.0;1.0;0;0;1.0;0;0
160471;1.73;0.98;0;1326.0;30.75;65.25;8.25;0;11.74;14.48;161.06;85.26;2.31;173365.0;0;0;55.0;4513.0;993.99;624.99;0;1.0;0;1.0;0;0;1.0;0;0;1.0;0;0;1.0;1.0;0;0;1.0;0;0
160971;1.72;0.96;0;1351.0;30.75;65.25;6.75;0;11.46;14.29;166.41;89.97;2.58;173365.0;0;0;54.0;4520.0;993.99;292.96;0;1.0;0;1.0;0;0;1.0;0;0;1.0;0;0;1.0;1.0;0;0;1.0;0;0
161501;1.69;0.97;0;1320.0;30.75;65.25;8.25;0;11.76;14.48;159.44;109.23;2.31;173365.0;0;0;55.0;4513.0;993.99;19.53;0;1.0;0;1.0;0;0;1.0;0;0;1.0;0;0;1.0;1.0;0;0;1.0;0;0
162060;1.75;0.99;0;1301.0;30.75;65.25;9.0;0;12.09;14.29;169.30;181.39;2.58;173365.0;0;0;54.0;4519.0;993.99;19.53;0;1.0;0;1.0;0;0;1.0;0;0;1.0;0;0;1.0;1.0;0;0;1.0;0;0
162572;1.86;1.01;0;1316.0;30.75;65.25;8.25;0;11.79;14.39;189.05;147.35;2.31;173365.0;0;0;55.0;4509.0;993.99;78.12;0;1.0;0;1.0;0;0;1.0;0;0;1.0;0;0;1.0;1.0;0;0;1.0;0;0
163096;1.74;1.01;0;1367.0;30.75;65.25;6.0;0;11.20;14.39;193.32;173.05;2.31;173365.0;0;0;55.0;4515.0;993.99;742.17;0;1.0;0;1.0;0;0;1.0;0;0;1.0;0;0;1.0;1.0;0;0;1.0;0;0
163594;1.75;0.99;0;1301.0;30.75;65.25;9.0;0;12.09;14.39;199.34;162.91;2.31;173365.0;0;0;54.0;4517.0;993.99;722.64;0;1.0;0;1.0;0;0;1.0;0;0;1.0;0;0;1.0;1.0;0;0;1.0;0;0
164115;1.76;0.99;0;1365.0;30.75;66.0;6.0;0;11.25;14.48;173.71;145.83;2.31;173365.0;0;0;55.0;4507.0;993.99;781.24;0;1.0;0;1.0;0;0;1.0;0;0;1.0;0;0;1.0;1.0;0;0;1.0;0;0
164689;1.71;0.99;0;1335.0;30.75;66.0;8.25;0;11.77;14.48;141.67;135.36;2.31;173365.0;0;0;53.0;4509.0;993.99;761.70;0;1.0;0;1.0;0;0;1.0;0;0;1.0;0;0;1.0;1.0;0;0;1.0;0;0
165266;1.72;0.97;0;1288.0;30.75;66.0;10.5;0;12.21;14.39;113.93;106.86;2.31;173365.0;0;0;52.0;4496.0;993.99;195.31;0;1.0;0;1.0;0;0;1.0;0;0;1.0;0;0;1.0;1.0;0;0;1.0;0;0
165880;1.54;0.98;0;1765.0;30.75;66.0;12.0;0;12.28;14.39;120.79;95.83;2.31;173365.0;0;0;58.0;4543.0;993.99;781.24;0;1.0;0;1.0;0;0;1.0;0;0;1.0;0;0;1.0;1.0;0;0;1.0;0;0
166403;1.61;0.96;0;1467.0;30.75;66.0;8.25;0.39;11.01;14.48;99.97;112.18;2.31;173365.0;0;0;51.0;4509.0;993.99;800.77;0;1.0;0;1.0;0;0;1.0;0;0;1.0;0;0;1.0;1.0;0;0;1.0;0;0
166903;1.40;0.95;0;1626.0;30.75;66.0;8.25;0;11.00;14.48;85.28;106.28;2.31;173365.0;0;0;46.0;4509.0;993.99;761.70;0;1.0;0;1.0;0;0;1.0;0;0;1.0;0;0;1.0;1.0;0;0;1.0;0;0
167428;1.56;0.94;0;1586.0;30.75;66.0;4.5;0;11.18;14.39;79.05;114.83;2.31;173365.0;0;0;55.0;4505.0;993.99;351.55;0;1.0;0;1.0;0;0;1.0;0;0;1.0;0;0;1.0;1.0;0;0;1.0;0;0
167943;1.69;0.96;0;1316.0;30.75;66.0;8.25;0;11.29;14.29;64.62;89.99;2.58;173365.0;0;0;50.0;4479.0;993.99;19.53;0;1.0;0;1.0;0;0;1.0;0;0;1.0;0;0;1.0;1.0;0;0;1.0;0;0
168468;1.76;0.98;0;1296.0;30.75;66.0;9.75;0;11.88;14.39;86.49;79.58;2.31;173365.0;0;0;51.0;4516.0;993.99;39.06;0;1.0;0;1.0;0;0;1.0;0;0;1.0;0;0;1.0;1.0;0;0;1.0;0;0
169028;1.68;0.99;0;1274.0;30.75;66.75;11.25;0;12.08;14.48;74.79;80.20;2.31;173365.0;0;0;47.0;4505.0;993.99;410.15;0;1.0;0;1.0;0;0;1.0;0;0;1.0;0;0;1.0;1.0;0;0;1.0;0;0
169583;1.72;1.01;0;1269.0;30.75;66.75;12.0;0;12.34;14.39;61.10;65.52;2.31;173365.0;0;0;48.0;4513.0;993.99;585.93;0;1.0;0;1.0;0;0;1.0;0;0;1.0;0;0;1.0;1.0;0;0;1.0;0;0
170148;1.75;0.99;0;1324.0;30.75;66.75;9.0;0;11.64;14.29;42.22;51.61;2.58;173365.0;0;0;49.0;4523.0;993.99;761.70;0;1.0;0;1.0;0;0;1.0;0;0;1.0;0;0;1.0;1.0;0;0;1.0;0;0
170644;1.74;0.97;0;1287.0;30.75;66.75;12.0;0;12.36;14.39;34.41;37.59;2.31;173365.0;0;0;49.0;4505.0;993.99;722.64;0;1.0;0;1.0;0;0;1.0;0;0;1.0;0;0;1.0;1.0;0;0;1.0;0;0
171165;1.62;0.97;0;1352.0;30.75;66.75;8.25;0;11.35;14.48;40.15;43.98;2.31;173365.0;0;0;49.0;4511.0;993.99;39.06;0;1.0;0;1.0;0;0;1.0;0;0;1.0;0;0;1.0;1.0;0;0;1.0;0;0
171738;1.72;0.99;0;1335.0;30.75;66.75;9.0;0;11.64;14.39;42.84;46.12;2.31;173365.0;0;0;49.0;4517.0;993.99;39.06;0;1.0;0;1.0;0;0;1.0;0;0;1.0;0;0;1.0;1.0;0;0;1.0;0;0
172393;1.75;0.99;0;1331.0;30.75;66.75;9.75;0;11.82;14.48;65.17;49.70;2.31;173365.0;0;0;50.0;4512.0;993.99;820.30;0;1.0;0;1.0;0;0;1.0;0;0;1.0;0;0;1.0;1.0;0;0;1.0;0;0
172974;1.70;0.98;0;1346.0;30.75;66.75;8.25;0;11.31;14.29;104.32;62.39;2.58;173365.0;0;0;48.0;4518.0;993.99;820.30;0;1.0;0;1.0;0;0;1.0;0;0;1.0;0;0;1.0;1.0;0;0;1.0;0;0
173512;1.56;0.96;0;1393.0;30.75;66.75;6.75;0;10.97;14.39;76.03;43.12;2.31;173365.0;0;0;49.0;4513.0;993.99;742.17;0;1.0;0;1.0;0;0;1.0;0;0;1.0;0;0;1.0;1.0;0;0;1.0;0;0
174067;1.6;0.94;0;1313.0;30.75;66.75;10.5;0;11.87;14.48;55.38;35.07;2.31;173365.0;0;0;49.0;4517.0;993.99;58.59;0;1.0;0;1.0;0;0;1.0;0;0;1.0;0;0;1.0;1.0;0;0;1.0;0;0
174567;1.6;0.96;0;1360.0;30.75;66.75;8.25;0;11.31;14.48;38.27;26.09;2.31;173365.0;0;0;49.0;4511.0;993.99;39.06;0;1.0;0;1.0;0;0;1.0;0;0;1.0;0;0;1.0;1.0;0;0;1.0;0;0
175090;1.66;0.98;0;1310.0;30.75;66.75;10.5;0;11.91;14.39;31.71;18.98;2.31;173365.0;0;0;49.0;4505.0;993.99;39.06;0;1.0;0;1.0;0;0;1.0;0;0;1.0;0;0;1.0;1.0;0;0;1.0;0;0
175649;1.69;1.00;0;1368.0;30.75;66.75;8.25;0;11.33;14.39;37.41;25.46;2.31;173365.0;0;0;49.0;4525.0;993.99;136.71;0;1.0;0;1.0;0;0;1.0;0;0;1.0;0;0;1.0;1.0;0;0;1.0;0;0
176170;1.68;1.00;0;1384.0;30.75;66.75;6.75;0;10.99;14.39;28.70;18.49;2.31;173365.0;0;0;49.0;4516.0;993.99;820.30;0;1.0;0;1.0;0;0;1.0;0;0;1.0;0;0;1.0;1.0;0;0;1.0;0;0
176671;1.62;0.98;0;1321.0;30.75;66.75;9.75;0;11.70;14.48;19.82;15.42;2.31;173365.0;0;0;48.0;4503.0;993.99;781.24;0;1.0;0;1.0;0;0;1.0;0;0;1.0;0;0;1.0;1.0;0;0;1.0;0;0
177203;1.64;0.97;0;1304.0;30.75;66.75;11.25;0;12.03;14.48;15.17;11.19;2.31;173365.0;0;0;49.0;4518.0;993.99;136.71;0;1.0;0;1.0;0;0;1.0;0;0;1.0;0;0;1.0;1.0;0;0;1.0;0;0
177706;1.6;0.98;0;1368.0;30.75;67.5;7.5;0;11.14;14.48;13.24;8.10;2.31;173365.0;0;0;48.0;4518.0;993.99;781.24;0;1.0;0;1.0;0;0;1.0;0;0;1.0;0;0;1.0;1.0;0;0;1.0;0;0
178329;1.64;0.97;0;1282.0;30.75;67.5;12.0;0;12.22;14.29;91.47;25.56;2.58;173365.0;0;0;47.0;4514.0;993.99;468.74;0;1.0;0;1.0;1.0;0;1.0;0;0;1.0;0;0;1.0;1.0;0;0;1.0;0;0
178851;1.69;0.98;0;1317.0;30.75;67.5;11.25;0;11.95;14.48;78.45;48.20;2.31;173365.0;0;0;48.0;4519.0;993.99;39.06;0;1.0;0;1.0;1.0;0;1.0;0;0;1.0;0;0;1.0;1.0;0;0;1.0;0;0
179363;1.69;1.00;0;1323.0;30.75;67.5;10.5;0;11.80;14.39;68.97;52.92;2.31;173365.0;0;0;48.0;4514.0;993.99;78.12;1.0;1.0;0;1.0;0;0;1.0;0;0;1.0;0;0;1.0;1.0;0;0;0;0;0
179882;1.65;1.00;0;1346.0;30.75;67.5;9.0;0;11.53;14.39;50.23;36.54;2.31;173365.0;0;0;48.0;4513.0;993.99;820.30;1.0;1.0;0;1.0;0;0;1.0;0;0;1.0;0;0;1.0;1.0;0;0;0;0;0
180470;1.60;0.98;0;1349.0;30.75;67.5;9.0;0;11.50;14.39;43.49;28.04;2.31;173365.0;0;0;47.0;4511.0;993.99;781.24;1.0;1.0;0;1.0;0;0;1.0;0;0;1.0;0;0;1.0;1.0;0;0;0;0;0
180985;1.66;0.96;0;1292.0;30.75;67.5;12.0;0;12.25;14.29;54.07;19.35;2.58;173365.0;0;0;49.0;4499.0;993.99;703.11;1.0;1.0;0;1.0;0;0;1.0;0;0;1.0;0;0;1.0;1.0;0;0;0;0;0
181498;1.69;0.96;0;1307.0;30.75;67.5;12.0;0;12.36;14.39;56.89;16.95;2.31;173365.0;0;0;50.0;4500.0;993.99;58.59;1.0;1.0;0;1.0;0;0;1.0;0;0;1.0;0;0;1.0;1.0;0;0;0;0;0
182013;2.12;0.98;0;1285.0;30.75;68.25;9.75;0.39;11.85;14.29;67.31;16.54;2.58;173365.0;0;0;45.0;4521.0;993.99;234.37;1.0;1.0;0;1.0;0;0;1.0;0;0;1.0;0;0;1.0;1.0;0;0;0;0;0
182538;1.64;0.97;0;1292.0;30.75;68.25;12.0;0;12.20;14.39;67.61;14.78;2.31;173365.0;0;0;45.0;4520.0;993.99;781.24;1.0;1.0;0;1.0;0;0;1.0;0;0;1.0;0;0;1.0;1.0;0;0;0;0;0
183048;1.66;0.96;0;1292.0;30.75;68.25;12.0;0;12.05;14.39;49.25;13.33;2.31;173365.0;0;0;45.0;4517.0;993.99;683.58;1.0;1.0;0;1.0;0;0;1.0;0;0;1.0;0;0;1.0;1.0;0;0;0;0;0
183548;1.58;0.95;0;1276.0;30.75;68.25;14.25;0;12.44;14.39;37.81;9.66;2.31;173365.0;0;0;46.0;4516.0;993.99;97.65;1.0;1.0;0;1.0;0;0;1.0;0;0;1.0;0;0;1.0;1.0;0;0;0;0;0
184067;1.66;0.97;0;1330.0;30.75;68.25;12.0;0;12.07;14.48;45.34;14.29;2.31;173365.0;0;0;47.0;4503.0;993.99;39.06;1.0;1.0;0;1.0;0;0;1.0;0;0;1.0;0;0;1.0;1.0;0;0;0;0;0
184574;1.84;0.98;0;1344.0;30.75;68.25;8.25;0;11.06;14.48;55.44;62.32;2.31;173365.0;0;0;43.0;4506.0;993.99;156.24;1.0;1.0;0;1.0;0;0;1.0;0;0;1.0;0;0;1.0;1.0;0;0;0;0;0
185099;1.70;0.98;0;1331.0;30.75;68.25;12.0;0;11.79;14.39;47.69;51.53;2.31;173365.0;0;0;50.0;4516.0;993.99;839.83;1.0;1.0;0;1.0;0;0;1.0;0;0;1.0;0;0;1.0;1.0;0;0;0;0;0
185608;1.74;0.96;0;1339.0;30.75;68.25;12.0;0.39;11.44;14.39;38.70;37.53;2.31;173365.0;0;0;50.0;4513.0;993.99;839.83;1.0;1.0;0;1.0;0;0;1.0;0;0;1.0;0;0;1.0;1.0;0;0;0;0;0
186132;2.22;0.99;0;1598.0;30.75;68.25;12.75;1.96;14.11;14.39;43.64;51.03;2.31;173365.0;0;0;50.0;4536.0;993.99;839.83;1.0;1.0;0;1.0;0;0;1.0;0;0;1.0;0;0;1.0;1.0;0;0;0;0;0
186655;1.64;0.99;0;1330.0;30.75;68.25;10.5;0;11.05;14.29;81.65;72.53;2.58;173365.0;0;0;41.0;4466.0;993.99;820.30;1.0;1.0;0;1.0;0;0;1.0;0;0;1.0;0;0;1.0;1.0;0;0;0;0;0
187202;1.62;0.97;0;1312.0;30.75;68.25;12.0;0;11.84;14.39;95.30;64.05;2.31;173365.0;0;0;42.0;4488.0;993.99;820.30;1.0;1.0;0;1.0;0;0;1.0;0;0;1.0;0;0;0;1.0;0;0;0;0;0
187722;1.54;0.96;0;1296.0;30.75;69.0;14.25;0;12.05;14.48;133.40;58.41;2.31;173365.0;0;0;42.0;4505.0;993.99;781.24;1.0;1.0;0;1.0;0;0;1.0;0;0;1.0;0;0;1.0;1.0;0;0;0;0;0
188229;1.60;0.94;0;1309.0;30.75;69.0;14.25;0;12.15;14.39;126.12;48.35;2.31;173365.0;0;0;45.0;4523.0;993.99;566.39;1.0;1.0;0;1.0;0;0;1.0;0;0;1.0;0;0;1.0;1.0;0;0;0;0;0
188750;2.4;0.99;0;1938.0;30.75;69.0;15.0;3.52;15.60;14.39;106.28;39.64;2.31;173365.0;0;0;47.0;4562.0;993.99;800.77;1.0;1.0;0;1.0;0;0;1.0;0;0;1.0;0;0;1.0;1.0;0;0;0;0;0
189273;2.88;0.97;0;1670.0;30.75;69.0;12.75;4.31;18.96;14.39;118.66;135.08;2.31;173365.0;0;0;47.0;4542.0;993.99;781.24;1.0;1.0;0;1.0;0;0;1.0;0;0;1.0;0;0;1.0;1.0;0;0;0;0;0
189843;3.35;0.95;0;1624.0;30.75;69.0;12.0;5.88;23.57;14.48;194.77;214.30;2.31;173365.0;0;0;47.0;4524.0;993.99;742.17;1.0;1.0;0;1.0;0;0;1.0;0;0;1.0;0;0;1.0;1.0;0;0;0;0;0
190364;3.4;0.93;11.0;1565.0;30.75;69.0;11.25;5.88;25.03;14.48;227.25;237.13;2.31;173365.0;11.0;11.0;47.0;4503.0;993.99;722.64;1.0;1.0;0;1.0;0;0;1.0;0;0;1.0;0;0;1.0;1.0;0;0;0;0;0
190879;3.11;0.90;15.0;1736.0;30.75;69.0;12.0;5.88;22.70;14.39;239.14;212.33;2.31;173365.0;15.0;15.0;47.0;4496.0;993.99;605.46;1.0;1.0;0;1.0;0;0;1.0;0;0;1.0;0;0;1.0;1.0;0;0;0;0;0
191406;2.75;0.91;18.0;2074.0;30.75;69.0;17.25;5.88;20.91;14.39;229.71;211.31;2.31;173365.0;18.0;19.0;47.0;4470.0;993.99;39.06;1.0;1.0;0;1.0;0;0;1.0;0;0;1.0;0;0;1.0;1.0;0;0;0;0;0
191951;2.42;0.93;21.0;2374.0;30.75;69.0;21.75;5.09;18.62;14.39;226.35;247.23;2.31;173365.0;21.0;21.0;47.0;4478.0;993.99;761.70;1.0;1.0;0;1.0;0;0;1.0;0;0;1.0;0;0;1.0;1.0;0;0;0;0;0
192473;2.20;0.92;23.0;2590.0;30.75;69.0;25.5;5.09;17.66;14.20;212.15;234.82;2.58;173365.0;23.0;23.0;47.0;4499.0;993.99;742.17;1.0;1.0;0;1.0;0;0;1.0;0;0;1.0;0;0;1.0;1.0;0;0;0;0;0
192995;2.07;0.90;25.0;2745.0;30.75;69.0;28.5;5.09;17.15;14.29;247.93;211.15;2.58;173365.0;25.0;25.0;47.0;4494.0;993.99;97.65;1.0;1.0;0;1.0;0;0;1.0;0;0;1.0;0;0;1.0;1.0;0;0;0;0;0
193501;2.86;1.00;26.0;2963.0;30.75;69.0;31.5;6.66;20.81;14.20;225.39;218.15;2.58;173365.0;26.0;27.0;47.0;4521.0;993.99;839.83;1.0;1.0;0;1.0;0;0;1.0;0;0;1.0;0;0;1.0;1.0;0;0;0;0;0
194022;2.93;0.96;28.0;3224.0;30.75;69.0;33.0;9.41;23.59;14.39;144.24;140.55;2.31;173365.0;29.0;29.0;47.0;4505.0;993.99;781.24;1.0;1.0;0;1.0;0;0;1.0;0;0;1.0;0;0;1.0;1.0;0;0;0;0;0
194533;2.84;1.00;28.0;2027.0;30.75;69.0;17.25;2.74;13.11;14.39;192.15;197.40;2.31;173365.0;29.0;29.0;47.0;4511.0;993.99;722.64;2.0;1.0;0;1.0;0;0;1.0;0;0;1.0;0;0;1.0;1.0;0;0;0;0;0
195058;2.81;1.00;28.0;2308.0;30.75;69.0;18.0;5.09;18.49;14.39;207.46;266.23;2.31;173365.0;29.0;29.0;47.0;4200.0;993.99;820.30;2.0;1.0;0;1.0;0;0;1.0;0;0;1.0;0;0;1.0;1.0;0;0;0;0;0
195556;2.54;0.97;30.0;2387.0;30.75;69.0;22.5;5.09;18.25;14.39;281.48;306.52;2.31;173365.0;30.0;31.0;47.0;4339.0;993.99;820.30;2.0;1.0;0;1.0;0;0;1.0;0;0;1.0;0;0;1.0;1.0;0;0;0;0;0
196070;2.38;0.95;31.0;2473.0;30.75;69.0;23.25;4.70;18.06;14.29;315.89;326.91;2.58;173365.0;31.0;32.0;47.0;4429.0;993.87;800.77;2.0;1.0;0;1.0;0;0;1.0;0;0;1.0;0;0;1.0;1.0;0;0;0;0;0
196593;2.12;0.93;32.0;2535.0;30.75;69.0;24.75;4.70;16.83;14.39;316.46;322.10;2.31;173365.0;32.0;32.0;47.0;4468.0;993.84;781.24;2.0;1.0;0;1.0;0;0;1.0;0;0;1.0;0;0;1.0;1.0;0;0;0;0;0
197155;2.07;0.90;33.0;2602.0;30.75;69.0;26.25;4.70;16.97;14.20;335.60;345.89;2.58;173365.0;33.0;33.0;47.0;4508.0;993.87;761.70;2.0;1.0;0;1.0;0;0;1.0;0;0;1.0;0;0;1.0;1.0;0;0;0;0;0
197714;1.99;0.87;33.0;2645.0;30.75;69.75;27.0;4.70;16.76;14.48;342.16;321.36;2.31;173365.0;34.0;34.0;46.0;4517.0;993.84;742.17;2.0;1.0;0;1.0;0;0;1.0;0;0;1.0;0;0;1.0;1.0;0;0;0;0;0
198234;1.84;0.85;35.0;2711.0;30.75;69.75;28.5;4.70;16.23;14.39;202.70;175.55;2.31;173365.0;34.0;35.0;44.0;4514.0;993.87;703.11;2.0;1.0;0;1.0;0;0;1.0;0;0;1.0;0;0;1.0;1.0;0;0;0;0;0
198745;1.78;0.83;35.0;2711.0;30.75;69.75;28.5;4.31;16.00;14.39;113.44;98.27;2.31;173365.0;34.0;35.0;44.0;4518.0;993.87;585.93;2.0;1.0;0;1.0;0;0;1.0;0;0;1.0;0;0;1.0;1.0;0;0;0;0;0
199265;1.71;0.84;35.0;2741.0;30.75;69.75;29.25;3.92;15.16;14.29;54.15;50.23;2.58;173365.0;35.0;35.0;44.0;4528.0;993.91;761.70;2.0;1.0;0;1.0;0;0;1.0;0;0;1.0;0;0;1.0;1.0;0;0;0;0;0
199780;1.46;0.82;35.0;2723.0;30.75;69.75;29.25;3.13;13.09;14.39;30.25;28.06;2.31;173365.0;35.0;35.0;44.0;4516.0;993.91;781.24;2.0;1.0;0;1.0;0;0;1.0;0;0;1.0;0;0;1.0;1.0;0;0;0;0;0
200305;1.21;0.80;35.0;2668.0;30.75;69.75;27.75;2.35;11.05;14.29;15.99;17.01;2.58;173365.0;34.0;35.0;44.0;4512.0;993.80;781.24;2.0;1.0;0;1.0;0;0;1.0;0;0;1.0;0;0;1.0;1.0;0;0;0;0;0
200844;0.94;0.78;33.0;2592.0;30.75;69.75;26.25;1.17;8.33;14.39;8.88;9.41;2.31;173365.0;33.0;33.0;44.0;4511.0;993.80;781.24;2.0;1.0;0;1.0;0;0;1.0;0;0;1.0;0;0;1.0;1.0;0;0;0;0;0
201367;0.88;1.00;31.0;2389.0;30.75;69.75;14.25;0;11.17;14.39;4.64;10.87;2.31;173365.0;31.0;31.0;37.0;4547.0;993.87;449.21;2.0;1.0;0;1.0;0;0;1.0;0;0;1.0;0;0;1.0;1.0;0;0;0;0;0
201929;0.97;1.00;28.0;2229.0;30.75;69.75;12.75;0;10.95;14.39;4.12;8.69;2.31;173365.0;29.0;29.0;36.0;4533.0;993.72;97.65;2.0;1.0;0;1.0;0;0;1.0;0;0;1.0;0;0;1.0;1.0;0;0;0;0;0
202458;1.0;1.00;26.0;2085.0;30.75;70.5;13.5;0;10.92;14.48;11.21;56.24;2.31;173365.0;26.0;26.0;33.0;4532.0;993.72;0;2.0;1.0;0;1.0;0;0;1.0;0;0;1.0;0;0;1.0;1.0;0;0;0;0;0
202957;2.39;0.99;23.0;1952.0;30.75;70.5;5.25;3.13;12.19;14.39;11.54;49.89;2.31;173365.0;24.0;24.0;41.0;4527.0;993.80;781.24;2.0;1.0;0;1.0;0;0;1.0;0;0;1.0;0;0;1.0;1.0;0;0;0;0;0
203473;2.37;0.98;23.0;1999.0;30.75;70.5;10.5;3.52;14.55;14.39;7.51;32.67;2.31;173365.0;24.0;24.0;41.0;4517.0;993.87;781.24;2.0;1.0;0;1.0;0;0;1.0;0;0;1.0;0;0;1.0;1.0;0;0;0;0;0
203995;2.46;0.96;25.0;1965.0;30.75;70.5;16.5;3.92;17.26;14.29;4.62;21.36;2.58;173365.0;25.0;25.0;41.0;4508.0;993.84;703.11;2.0;1.0;0;1.0;0;0;1.0;0;0;1.0;0;0;1.0;1.0;0;0;0;0;0
204515;2.35;0.94;26.0;2056.0;30.75;70.5;18.0;3.92;17.25;14.39;2.96;13.96;2.31;173365.0;26.0;26.0;41.0;4505.0;993.84;703.11;2.0;1.0;0;1.0;0;0;1.0;0;0;1.0;0;0;1.0;1.0;0;0;0;0;0
205080;2.29;0.93;27.0;2112.0;30.75;70.5;19.5;3.92;17.16;14.39;1.79;8.63;2.31;173365.0;27.0;27.0;41.0;4495.0;993.72;722.64;2.0;1.0;0;1.0;0;0;1.0;0;0;1.0;0;0;1.0;1.0;0;0;0;0;0
205578;2.17;0.91;27.0;2179.0;30.75;70.5;20.25;3.92;17.11;14.39;2.89;4.74;2.31;173365.0;28.0;28.0;41.0;4493.0;993.68;683.58;2.0;1.0;0;1.0;0;0;1.0;0;0;1.0;0;0;1.0;1.0;0;0;0;0;0
206112;2.12;0.89;28.0;2263.0;30.75;70.5;21.75;3.92;16.90;14.39;3.61;2.87;2.31;173365.0;28.0;29.0;41.0;4496.0;993.68;722.64;2.0;1.0;0;1.0;0;0;1.0;0;0;1.0;0;0;1.0;1.0;0;0;0;0;0
206667;1.96;0.87;30.0;2307.0;30.75;70.5;23.25;3.92;16.17;14.29;2.16;3.41;2.58;173365.0;29.0;30.0;41.0;4497.0;993.64;605.46;2.0;1.0;0;1.0;0;0;1.0;0;0;1.0;0;0;1.0;1.0;0;0;0;0;0
207193;1.95;0.87;30.0;2338.0;30.75;70.5;22.5;3.92;15.94;14.48;3.06;1.81;2.31;173365.0;30.0;30.0;41.0;4495.0;993.60;664.05;2.0;1.0;0;1.0;0;0;1.0;0;0;1.0;0;0;1.0;1.0;0;0;0;0;0
207738;1.80;0.85;30.0;2379.0;30.75;70.5;24.0;3.52;15.25;14.48;1.71;0.99;2.31;173365.0;30.0;30.0;41.0;4510.0;993.52;742.17;2.0;1.0;0;1.0;0;0;1.0;0;0;1.0;0;0;1.0;1.0;0;0;0;0;0
208260;1.72;0.83;30.0;2396.0;30.75;70.5;24.0;3.52;14.90;14.48;0.82;0.42;2.31;173365.0;30.0;31.0;41.0;4507.0;993.68;488.27;2.0;1.0;0;1.0;0;0;1.0;0;0;1.0;0;0;1.0;1.0;0;0;0;0;0
208776;1.73;0.83;30.0;2371.0;30.75;70.5;23.25;3.52;14.96;14.39;0.39;0.19;2.31;173365.0;30.0;31.0;41.0;4518.0;993.56;97.65;2.0;1.0;0;1.0;0;0;1.0;0;0;1.0;0;0;1.0;1.0;0;0;0;0;0
209332;0.43;1.00;31.0;2402.0;30.75;70.5;39.75;0;14.18;14.48;0.17;0;2.31;173365.0;30.0;31.0;40.0;4554.0;993.41;761.70;2.0;1.0;0;1.0;0;0;1.0;0;0;1.0;0;0;1.0;1.0;0;0;0;0;0
209869;1.12;0.99;28.0;2256.0;30.75;70.5;39.75;0.39;14.39;14.39;37.51;4.19;2.31;173365.0;29.0;29.0;38.0;4523.0;993.37;800.77;2.0;1.0;0;1.0;0;0;1.0;0;0;1.0;0;0;1.0;1.0;0;0;0;0;0
210427;1.28;0.98;26.0;2115.0;30.75;71.25;19.5;0.78;8.73;14.39;26.77;5.03;2.31;173365.0;27.0;27.0;41.0;4550.0;993.25;800.77;2.0;1.0;0;1.0;0;0;1.0;0;0;1.0;0;0;1.0;1.0;0;0;0;0;0
211017;1.40;0.96;25.0;1958.0;30.75;71.25;17.25;1.17;9.20;14.39;17.51;3.06;2.31;173365.0;25.0;25.0;41.0;4519.0;993.09;761.70;2.0;1.0;0;1.0;0;0;1.0;0;0;1.0;0;0;1.0;1.0;0;0;0;0;0
211580;1.37;0.95;23.0;1878.0;30.75;71.25;15.75;0.78;9.70;14.39;10.25;3.63;2.31;173365.0;24.0;24.0;41.0;4499.0;993.25;664.05;2.0;1.0;0;1.0;0;0;1.0;0;0;1.0;0;0;1.0;1.0;0;0;0;0;0
212100;1.31;0.99;22.0;1533.0;30.75;71.25;13.5;0;10.95;14.39;22.26;36.05;2.31;173365.0;22.0;22.0;34.0;4477.0;993.29;761.70;2.0;1.0;0;1.0;0;0;1.0;0;0;1.0;0;0;1.0;1.0;0;0;0;0;0
212652;1.37;0.97;21.0;1449.0;30.75;71.25;12.75;0;10.80;14.48;88.08;98.11;2.31;173365.0;21.0;21.0;34.0;4531.0;993.29;761.70;2.0;1.0;0;1.0;0;0;1.0;0;0;1.0;0;0;1.0;1.0;0;0;0;0;0
213177;1.27;0.96;18.0;1470.0;30.75;71.25;12.75;0;10.80;14.39;173.60;190.04;2.31;173365.0;19.0;19.0;34.0;4510.0;993.25;742.17;2.0;1.0;0;1.0;0;0;1.0;0;0;1.0;0;0;1.0;1.0;0;0;0;0;0
213706;4.60;1.00;17.0;1438.0;30.75;71.25;5.25;4.70;17.33;14.29;225.57;219.43;2.58;173365.0;18.0;18.0;42.0;4564.0;993.09;820.30;2.0;1.0;0;1.0;0;0;1.0;0;0;1.0;0;0;1.0;1.0;0;0;0;0;0
214289;4.68;1.00;20.0;1732.0;30.75;71.25;5.25;11.37;32.16;14.29;168.58;165.39;2.58;173365.0;20.0;21.0;41.0;4495.0;993.09;722.64;2.0;1.0;0;1.0;0;0;1.0;0;0;1.0;0;0;1.0;1.0;0;0;0;0;0
214788;4.44;0.99;26.0;2141.0;30.75;72.0;15.75;13.33;32.55;14.39;99.46;102.92;2.31;173365.0;25.0;26.0;40.0;4404.0;993.05;761.70;2.0;1.0;0;1.0;0;0;1.0;0;0;1.0;0;0;1.0;1.0;0;0;0;0;0
215349;0.23;1.00;28.0;2324.0;30.75;72.0;13.5;0;10.89;14.48;61.83;64.01;2.31;173365.0;28.0;28.0;34.0;4667.0;992.98;156.24;2.0;1.0;0;1.0;0;0;1.0;0;0;1.0;0;0;1.0;1.0;0;0;0;0;0
215872;2.25;1.00;27.0;2219.0;30.75;72.0;21.0;3.92;16.44;14.39;43.35;41.71;2.31;173365.0;28.0;28.0;40.0;4492.0;992.90;761.70;2.0;1.0;0;1.0;0;0;1.0;0;0;1.0;0;0;1.0;1.0;0;0;0;0;0
216387;3.16;0.98;28.0;2286.0;30.75;72.0;21.75;5.88;20.47;14.39;26.91;24.56;2.31;173365.0;29.0;29.0;40.0;4471.0;993.09;781.24;2.0;1.0;0;1.0;0;0;1.0;0;0;1.0;0;0;1.0;1.0;0;0;0;0;0
216919;2.72;0.95;31.0;2398.0;30.75;72.0;23.25;6.66;21.12;14.39;17.45;15.21;2.31;173365.0;30.0;31.0;40.0;4491.0;993.13;761.70;2.0;1.0;0;1.0;0;0;1.0;0;0;1.0;0;0;1.0;1.0;0;0;0;0;0
217417;2.44;0.92;32.0;2518.0;30.75;72.0;26.25;5.88;19.95;14.48;10.21;8.43;2.31;173365.0;32.0;33.0;40.0;4492.0;993.05;742.17;2.0;1.0;0;1.0;0;0;1.0;0;0;1.0;0;0;1.0;1.0;0;0;0;0;0
217981;2.24;0.89;33.0;2638.0;30.75;72.0;28.5;5.88;19.08;14.39;5.64;7.14;2.31;173365.0;33.0;34.0;40.0;4516.0;993.05;703.11;2.0;1.0;0;1.0;0;0;1.0;0;0;1.0;0;0;1.0;1.0;0;0;0;0;0
218503;2.03;0.86;35.0;2722.0;30.75;72.0;30.0;5.09;17.82;14.39;2.73;5.72;2.31;173365.0;34.0;35.0;40.0;4519.0;993.09;624.99;2.0;1.0;0;1.0;0;0;1.0;0;0;1.0;0;0;1.0;1.0;0;0;0;0;0
219029;1.94;0.86;35.0;2801.0;30.75;72.0;30.75;5.09;17.26;14.39;3.65;4.64;2.31;173365.0;35.0;35.0;40.0;4522.0;993.13;722.64;2.0;1.0;0;1.0;0;0;1.0;0;0;1.0;0;0;1.0;1.0;0;0;0;0;0
219527;1.87;0.83;36.0;2844.0;30.75;72.75;31.5;5.09;17.26;14.39;1.64;2.12;2.31;173365.0;36.0;36.0;40.0;4520.0;993.09;624.99;2.0;1.0;0;1.0;0;0;1.0;0;0;1.0;0;0;1.0;1.0;0;0;0;0;0
220139;1.69;0.84;36.0;2842.0;30.75;72.75;31.5;4.31;15.27;14.48;2.48;1.11;2.31;173365.0;36.0;36.0;40.0;4520.0;993.02;722.64;2.0;1.0;0;1.0;0;0;1.0;0;0;1.0;0;0;1.0;1.0;0;0;0;0;0
220664;0.95;1.00;35.0;2090.0;30.75;72.75;13.5;0;10.83;14.48;2.40;2.69;2.31;173365.0;35.0;35.0;33.0;4525.0;992.94;0;2.0;1.0;0;1.0;0;0;1.0;0;0;1.0;0;0;1.0;1.0;0;0;0;0;0
221213;2.16;1.00;33.0;2589.0;30.75;72.75;27.0;3.13;13.92;14.39;1.34;1.42;2.31;173365.0;33.0;33.0;40.0;4463.0;992.90;820.30;2.0;1.0;0;1.0;0;0;1.0;0;0;1.0;0;0;1.0;1.0;0;0;0;0;0
221747;1.93;0.98;33.0;2638.0;30.75;72.75;27.75;3.52;14.51;14.39;0.66;0.70;2.31;173365.0;33.0;33.0;40.0;4493.0;992.86;781.24;2.0;1.0;0;1.0;0;0;1.0;0;0;1.0;0;0;1.0;1.0;0;0;0;0;0
222301;1.07;1.00;32.0;1921.0;30.75;72.75;12.75;0;10.86;14.48;4.27;8.51;2.31;173365.0;32.0;32.0;33.0;4572.0;992.82;683.58;2.0;1.0;0;1.0;0;0;1.0;0;0;1.0;0;0;1.0;1.0;0;0;0;0;0
222855;1.50;0.99;30.0;2349.0;30.75;72.75;20.25;1.96;10.23;14.48;9.96;14.51;2.31;173365.0;30.0;30.0;40.0;4512.0;992.82;800.77;2.0;1.0;0;1.0;0;0;1.0;0;0;1.0;0;0;1.0;1.0;0;0;0;0;0
223371;1.6;0.97;28.0;2371.0;30.75;72.75;24.0;2.35;11.85;14.39;5.19;7.59;2.31;173365.0;29.0;29.0;40.0;4505.0;992.82;781.24;2.0;1.0;0;1.0;0;0;1.0;0;0;1.0;0;0;1.0;1.0;0;0;0;0;0
223885;1.69;0.95;28.0;2254.0;30.75;72.75;21.75;2.35;12.52;14.48;4.62;4.66;2.31;173365.0;29.0;29.0;40.0;4516.0;992.78;761.70;2.0;1.0;0;1.0;0;0;1.0;0;0;1.0;0;0;1.0;1.0;0;0;0;0;0
224467;2.2;0.93;28.0;2277.0;30.75;72.75;21.75;3.92;16.71;14.39;2.81;4.31;2.31;173365.0;29.0;29.0;40.0;4472.0;992.78;742.17;2.0;1.0;0;1.0;0;0;1.0;0;0;1.0;0;0;1.0;1.0;0;0;0;0;0
224991;2.09;0.91;30.0;2363.0;30.75;72.75;23.25;4.31;16.69;14.39;2.87;2.32;2.31;173365.0;30.0;30.0;40.0;4491.0;992.78;722.64;2.0;1.0;0;1.0;0;0;1.0;0;0;1.0;0;0;1.0;1.0;0;0;0;0;0
225528;1.79;0.89;31.0;2413.0;30.75;72.75;24.0;3.52;14.79;14.39;1.60;1.28;2.31;173365.0;30.0;31.0;40.0;4518.0;992.78;761.70;2.0;1.0;0;1.0;0;0;1.0;0;0;1.0;0;0;1.0;1.0;0;0;0;0;0
226072;0.93;1.00;30.0;2132.0;30.75;72.75;14.25;0;10.84;14.48;2.83;2.73;2.31;173365.0;30.0;30.0;33.0;4565.0;992.78;624.99;2.0;1.0;0;1.0;0;0;1.0;0;0;1.0;0;0;1.0;1.0;0;0;0;0;0
226624;1.76;0.98;28.0;2375.0;30.75;72.75;21.75;2.74;12.50;14.39;3.47;1.52;2.31;173365.0;28.0;29.0;40.0;4516.0;992.78;781.24;2.0;1.0;0;1.0;0;0;1.0;0;0;1.0;0;0;1.0;1.0;0;0;0;0;0
227147;1.89;0.96;28.0;2227.0;30.75;72.75;21.75;2.74;13.98;14.48;3.55;0.76;2.31;173365.0;28.0;29.0;40.0;4502.0;992.78;781.24;2.0;1.0;0;1.0;0;0;1.0;0;0;1.0;0;0;1.0;1.0;0;0;0;0;0
227711;1.84;0.95;28.0;2246.0;30.75;72.75;21.0;2.74;13.71;14.20;2.14;0.39;2.58;173365.0;28.0;29.0;40.0;4497.0;992.78;781.24;2.0;1.0;0;1.0;0;0;1.0;0;0;1.0;0;0;1.0;1.0;0;0;0;0;0
228262;1.89;0.93;28.0;2241.0;30.75;72.75;21.75;2.74;14.60;14.48;1.11;2.14;2.31;173365.0;29.0;29.0;40.0;4514.0;992.78;761.70;2.0;1.0;0;1.0;0;0;1.0;0;0;1.0;0;0;1.0;1.0;0;0;0;0;0
228900;1.96;0.90;30.0;2314.0;30.75;72.75;22.5;3.52;15.60;14.48;0.50;1.11;2.31;173365.0;29.0;30.0;40.0;4510.0;992.78;742.17;2.0;1.0;0;1.0;0;0;1.0;0;0;1.0;0;0;1.0;1.0;0;0;0;0;0
229409;1.90;0.88;30.0;2367.0;30.75;73.5;23.25;3.52;15.59;14.39;18.06;51.46;2.31;173365.0;30.0;30.0;39.0;4500.0;992.78;722.64;2.0;1.0;0;1.0;0;0;1.0;0;0;1.0;0;0;1.0;1.0;0;0;0;0;0
229929;1.82;0.86;30.0;2406.0;30.75;73.5;24.0;3.52;15.33;14.48;160.28;180.02;2.31;173365.0;30.0;31.0;39.0;4516.0;992.78;703.11;2.0;1.0;0;1.0;0;0;1.0;0;0;1.0;0;0;1.0;1.0;0;0;0;0;0
230506;0.72;1.00;31.0;2421.0;30.75;73.5;12.75;0;10.77;14.48;256.40;266.89;2.31;173365.0;31.0;31.0;34.0;4561.0;992.78;683.58;2.0;1.0;0;1.0;0;0;1.0;0;0;1.0;0;0;1.0;1.0;0;0;0;0;0
231088;1.21;0.99;28.0;2301.0;30.75;73.5;22.5;0.78;8.29;14.39;189.38;199.22;2.31;173365.0;29.0;29.0;39.0;4527.0;992.78;781.24;2.0;1.0;0;1.0;0;0;1.0;0;0;1.0;0;0;1.0;1.0;0;0;0;0;0
231595;1.6;0.97;27.0;2205.0;30.75;73.5;21.0;1.96;11.39;14.39;219.92;269.47;2.31;173365.0;27.0;28.0;39.0;4522.0;992.78;781.24;2.0;1.0;0;1.0;0;0;1.0;0;0;1.0;0;0;1.0;1.0;0;0;0;0;0
232119;1.93;0.95;27.0;2137.0;30.75;73.5;19.5;2.74;14.17;14.48;214.86;302.53;2.31;173365.0;27.0;28.0;39.0;4512.0;992.78;761.70;2.0;1.0;0;1.0;0;0;1.0;0;0;1.0;0;0;1.0;1.0;0;0;0;0;0
232674;2.07;0.94;28.0;2176.0;30.75;73.5;21.0;3.52;15.58;14.48;197.62;287.85;2.31;173365.0;28.0;28.0;39.0;4494.0;992.78;742.17;2.0;1.0;0;1.0;0;0;1.0;0;0;1.0;0;0;1.0;1.0;0;0;0;0;0
233247;2.05;0.92;28.0;2294.0;30.75;73.5;21.75;3.92;16.07;14.39;205.20;257.87;2.31;173365.0;29.0;29.0;39.0;4497.0;992.78;742.17;2.0;1.0;0;1.0;0;0;1.0;0;0;1.0;0;0;1.0;1.0;0;0;0;0;0
233809;1.85;0.89;30.0;2392.0;30.75;73.5;24.0;3.52;15.08;14.39;219.57;217.97;2.31;173365.0;30.0;30.0;39.0;4500.0;992.78;761.70;2.0;1.0;0;1.0;0;0;1.0;0;0;1.0;0;0;1.0;1.0;0;0;0;0;0
234312;1.73;0.87;31.0;2397.0;30.75;73.5;24.0;3.13;14.47;14.29;216.64;208.61;2.58;173365.0;30.0;31.0;39.0;4529.0;992.78;742.17;2.0;1.0;0;1.0;0;0;1.0;0;0;1.0;0;0;1.0;1.0;0;0;0;0;0
234910;1.65;0.85;31.0;2439.0;30.75;74.25;24.75;3.13;13.99;14.39;187.29;206.47;2.31;173365.0;31.0;31.0;39.0;4520.0;992.78;742.17;2.0;1.0;0;1.0;0;0;1.0;0;0;1.0;0;0;1.0;1.0;0;0;0;0;0
235431;1.03;1.00;30.0;1965.0;30.75;74.25;12.0;0;10.67;14.39;129.83;167.41;2.31;173365.0;29.0;30.0;33.0;4520.0;992.78;39.06;2.0;1.0;0;1.0;0;0;1.0;0;0;1.0;0;0;1.0;1.0;0;0;0;0;0
235927;0.92;1.00;27.0;2138.0;30.75;74.25;12.75;0;10.55;14.48;78.35;108.52;2.31;173365.0;27.0;27.0;31.0;4533.0;992.78;58.59;2.0;1.0;0;1.0;0;0;1.0;0;0;1.0;0;0;1.0;1.0;0;0;0;0;0
236449;1.01;1.00;25.0;1993.0;30.75;74.25;12.75;0;10.56;14.48;62.49;90.44;2.31;173365.0;26.0;25.0;32.0;4522.0;992.78;0;2.0;1.0;0;1.0;0;0;1.0;0;0;1.0;0;0;1.0;1.0;0;0;0;0;0
236962;1.02;1.00;23.0;1892.0;30.75;74.25;13.5;0;10.60;14.39;47.26;64.97;2.31;173365.0;24.0;24.0;32.0;4505.0;992.78;0;2.0;1.0;0;1.0;0;0;1.0;0;0;1.0;0;0;1.0;1.0;0;0;0;0;0
237484;1.09;1.00;22.0;1776.0;30.75;74.25;12.0;0;10.60;14.39;41.54;48.98;2.31;173365.0;22.0;22.0;32.0;4522.0;992.78;0;2.0;1.0;0;1.0;0;0;1.0;0;0;1.0;0;0;1.0;1.0;0;0;0;0;0
237996;1.19;1.01;21.0;1697.0;30.75;74.25;12.75;0;10.52;14.39;45.01;35.73;2.31;173365.0;21.0;21.0;32.0;4514.0;992.78;351.55;2.0;1.0;0;1.0;0;0;1.0;0;0;1.0;0;0;1.0;1.0;0;0;0;0;0
238518;1.68;1.01;20.0;1625.0;30.75;74.25;13.5;0.39;10.23;14.39;48.86;33.47;2.31;173365.0;20.0;20.0;39.0;4523.0;992.78;800.77;2.0;1.0;0;1.0;0;0;1.0;0;0;1.0;0;0;1.0;1.0;0;0;0;0;0
239109;1.47;1.00;20.0;1572.0;30.75;74.25;13.5;0.78;9.76;14.39;65.89;70.38;2.31;173365.0;20.0;20.0;39.0;4515.0;992.78;781.24;2.0;1.0;0;1.0;0;0;1.0;0;0;1.0;0;0;1.0;1.0;0;0;0;0;0
239616;1.56;0.98;20.0;1614.0;30.75;74.25;13.5;0.78;10.29;14.39;137.95;88.29;2.31;173365.0;19.0;20.0;39.0;4521.0;992.78;664.05;2.0;1.0;0;1.0;0;0;1.0;0;0;1.0;0;0;1.0;1.0;0;0;0;0;0
240139;1.66;0.96;18.0;1557.0;30.75;74.25;13.5;1.17;11.13;14.48;117.96;111.77;2.31;173365.0;19.0;19.0;39.0;4505.0;992.78;742.17;2.0;1.0;0;1.0;0;0;1.0;0;0;1.0;0;0;1.0;1.0;0;0;0;0;0
240648;1.69;0.95;20.0;1500.0;30.75;75.0;12.75;1.17;11.31;14.39;101.38;121.32;2.31;173365.0;19.0;20.0;39.0;4511.0;992.78;761.70;2.0;1.0;0;1.0;0;0;1.0;0;0;1.0;0;0;1.0;1.0;0;0;0;0;0
241173;2.07;0.93;20.0;1535.0;30.75;75.0;13.5;1.96;14.36;14.39;144.69;111.59;2.31;173365.0;19.0;20.0;39.0;4526.0;992.78;722.64;2.0;1.0;0;1.0;0;0;1.0;0;0;1.0;0;0;1.0;1.0;0;0;0;0;0
241728;2.18;0.91;21.0;1654.0;30.75;75.0;13.5;2.74;15.56;14.20;204.51;183.03;2.58;173365.0;21.0;21.0;39.0;4521.0;992.78;761.70;2.0;1.0;0;1.0;0;0;1.0;0;0;1.0;0;0;1.0;1.0;0;0;0;0;0
242267;2.29;0.90;22.0;1713.0;30.75;75.0;13.5;2.74;15.56;14.39;251.31;245.74;2.31;173365.0;22.0;22.0;39.0;4508.0;992.78;781.24;2.0;1.0;0;1.0;0;0;1.0;0;0;1.0;0;0;1.0;1.0;0;0;0;0;0
242764;2.04;0.88;23.0;1821.0;30.75;75.0;15.0;2.74;15.39;14.48;250.06;250.02;2.31;173365.0;23.0;23.0;39.0;4509.0;992.78;722.64;2.0;1.0;0;1.0;0;0;1.0;0;0;1.0;0;0;1.0;1.0;0;0;0;0;0
243291;1.88;0.86;23.0;1916.0;30.75;75.0;16.5;2.74;14.79;14.48;272.54;280.19;2.31;173365.0;24.0;24.0;39.0;4504.0;992.78;156.24;2.0;1.0;0;1.0;0;0;1.0;0;0;1.0;0;0;1.0;1.0;0;0;0;0;0
243813;1.80;0.87;25.0;1996.0;30.75;75.0;16.5;2.74;13.91;14.39;298.26;269.61;2.31;173365.0;25.0;25.0;39.0;4508.0;992.78;0;2.0;1.0;0;1.0;0;0;1.0;0;0;1.0;0;0;1.0;1.0;0;0;0;0;0
244311;1.84;0.89;26.0;2021.0;30.75;75.0;18.0;2.74;14.25;14.39;322.61;314.43;2.31;173365.0;26.0;26.0;39.0;4516.0;992.78;39.06;2.0;1.0;0;1.0;0;0;1.0;0;0;1.0;0;0;1.0;1.0;0;0;0;0;0
244852;1.83;0.91;26.0;2070.0;30.75;75.0;18.0;2.74;13.90;14.39;294.59;297.16;2.31;173365.0;26.0;26.0;39.0;4512.0;992.78;781.24;2.0;1.0;0;1.0;0;0;1.0;0;0;1.0;0;0;1.0;1.0;0;0;0;0;0
245467;1.72;0.88;26.0;2123.0;30.75;75.0;19.5;2.35;13.43;14.39;309.37;235.68;2.31;173365.0;27.0;27.0;39.0;4496.0;992.78;800.77;2.0;1.0;0;1.0;0;0;1.0;0;0;1.0;0;0;1.0;1.0;0;0;0;0;0
246008;1.67;0.87;27.0;2139.0;30.75;75.0;19.5;2.35;13.20;14.39;302.85;214.86;2.31;173365.0;27.0;27.0;39.0;4492.0;992.78;742.17;2.0;1.0;0;1.0;0;0;1.0;0;0;1.0;0;0;1.0;1.0;0;0;0;0;0
246596;1.96;0.87;28.0;2213.0;30.75;75.0;20.25;3.52;16.05;14.39;296.85;195.24;2.31;173365.0;28.0;28.0;39.0;4492.0;992.78;39.06;2.0;1.0;0;1.0;0;0;1.0;0;0;1.0;0;0;1.0;1.0;0;0;0;0;0
247109;2.11;0.89;30.0;2340.0;30.75;75.0;23.25;4.31;17.11;14.48;324.76;233.22;2.31;173365.0;29.0;30.0;39.0;4483.0;992.78;97.65;2.0;1.0;0;1.0;0;0;1.0;0;0;1.0;0;0;1.0;1.0;0;0;0;0;0
247633;2.11;0.91;31.0;2432.0;30.75;75.0;24.75;4.70;17.23;14.48;341.38;291.81;2.31;173365.0;31.0;31.0;39.0;4496.0;992.78;742.17;2.0;1.0;0;1.0;0;0;1.0;0;0;1.0;0;0;1.0;1.0;0;0;0;0;0
248153;2.04;0.88;32.0;2571.0;30.75;75.0;27.0;4.70;17.34;14.39;348.53;321.99;2.31;173365.0;32.0;33.0;39.0;4494.0;992.78;742.17;2.0;1.0;0;1.0;0;0;1.0;0;0;1.0;0;0;1.0;1.0;0;0;0;0;0
248732;1.84;0.88;33.0;2709.0;30.75;75.0;29.25;4.70;15.86;14.48;333.00;340.54;2.31;173365.0;34.0;34.0;39.0;4508.0;992.78;761.70;2.0;1.0;0;1.0;0;0;1.0;0;0;1.0;0;0;1.0;1.0;0;0;0;0;0
249255;1.69;0.87;35.0;2797.0;30.75;75.0;30.75;3.92;14.64;14.20;352.43;342.32;2.58;173365.0;35.0;36.0;39.0;4521.0;992.78;820.30;2.0;1.0;0;1.0;0;0;1.0;0;0;1.0;0;0;1.0;1.0;0;0;0;0;0
249820;1.40;0.85;36.0;2828.0;30.75;75.0;30.75;3.13;12.17;14.39;334.37;341.22;2.31;173365.0;36.0;36.0;39.0;4522.0;992.78;820.30;2.0;1.0;0;1.0;0;0;1.0;0;0;1.0;0;0;1.0;1.0;0;0;0;0;0
250343;1.33;0.83;36.0;2838.0;30.75;75.0;31.5;2.74;11.84;14.39;319.25;327.14;2.31;173365.0;36.0;36.0;39.0;4504.0;992.78;800.77;2.0;1.0;0;1.0;0;0;1.0;0;0;1.0;0;0;1.0;1.0;0;0;0;0;0
250856;1.31;0.81;36.0;2818.0;30.75;75.0;31.5;2.74;12.06;14.39;324.27;285.13;2.31;173365.0;36.0;36.0;39.0;4510.0;992.78;800.77;2.0;1.0;0;1.0;0;0;1.0;0;0;1.0;0;0;1.0;1.0;0;0;0;0;0
251464;1.40;0.79;36.0;2853.0;30.75;75.0;31.5;3.52;13.20;14.39;344.15;252.40;2.31;173365.0;36.0;37.0;39.0;4509.0;992.78;624.99;2.0;1.0;0;1.0;0;0;1.0;0;0;1.0;0;0;1.0;1.0;0;0;0;0;0
251984;1.39;0.79;36.0;2879.0;30.75;75.0;32.25;3.52;13.08;14.48;287.48;239.73;2.31;173365.0;37.0;37.0;39.0;4517.0;992.78;39.06;2.0;1.0;0;1.0;0;0;1.0;0;0;1.0;0;0;1.0;1.0;0;0;0;0;0
252503;1.45;0.81;37.0;2897.0;30.75;75.0;32.25;3.52;13.36;14.39;240.60;216.56;2.31;173365.0;37.0;37.0;39.0;4506.0;992.78;234.37;2.0;1.0;0;1.0;0;0;1.0;0;0;1.0;0;0;1.0;1.0;0;0;0;0;0
253028;1.48;0.83;37.0;2905.0;30.75;75.0;33.0;3.52;13.46;14.48;308.78;279.12;2.31;173365.0;37.0;38.0;39.0;4510.0;992.78;664.05;2.0;1.0;0;1.0;0;0;1.0;0;0;1.0;0;0;1.0;1.0;0;0;0;0;0
253541;1.44;0.83;37.0;2979.0;30.75;75.0;33.75;3.52;13.20;14.48;335.34;319.62;2.31;173366.0;37.0;38.0;39.0;4512.0;992.78;761.70;2.0;1.0;0;1.0;0;0;1.0;0;0;1.0;0;0;1.0;1.0;0;0;0;0;0
254066;1.41;0.81;37.0;2980.0;30.75;75.0;33.0;3.52;13.05;14.39;265.62;239.28;2.31;173366.0;38.0;38.0;39.0;4510.0;992.78;273.43;2.0;1.0;0;1.0;0;0;1.0;0;0;1.0;0;0;1.0;1.0;0;0;0;0;0
254563;1.47;0.82;38.0;2991.0;30.75;75.0;34.5;3.52;13.49;14.39;313.86;293.51;2.31;173366.0;38.0;39.0;39.0;4514.0;992.78;39.06;2.0;1.0;0;1.0;0;0;1.0;0;0;1.0;0;0;1.0;1.0;0;0;0;0;0
255089;1.61;0.84;38.0;3025.0;30.75;75.75;34.5;3.92;14.56;14.39;263.03;257.75;2.31;173366.0;39.0;39.0;38.0;4510.0;992.78;761.70;2.0;1.0;0;1.0;0;0;1.0;0;0;1.0;0;0;1.0;1.0;0;0;0;0;0
255596;1.55;0.82;40.0;3107.0;30.75;75.75;35.25;4.31;14.25;14.48;305.99;297.87;2.31;173366.0;39.0;40.0;38.0;4512.0;992.78;781.24;2.0;1.0;0;1.0;0;0;1.0;0;0;1.0;0;0;1.0;1.0;0;0;0;0;0
256129;1.48;0.80;40.0;3101.0;30.75;75.75;35.25;3.92;14.01;14.39;298.65;325.25;2.31;173366.0;40.0;40.0;38.0;4524.0;992.78;683.58;2.0;1.0;0;1.0;0;0;1.0;0;0;1.0;0;0;1.0;1.0;0;0;0;0;0
256652;1.42;0.80;41.0;3157.0;30.75;75.75;36.0;3.92;13.42;14.39;296.48;271.11;2.31;173366.0;40.0;41.0;38.0;4506.0;992.78;136.71;2.0;1.0;0;1.0;0;0;1.0;0;0;1.0;0;0;1.0;1.0;0;0;0;0;0
257151;1.43;0.82;41.0;3161.0;30.75;75.75;36.0;3.92;13.15;14.20;304.72;236.76;2.58;173366.0;40.0;41.0;38.0;4515.0;992.78;97.65;2.0;1.0;0;1.0;0;0;1.0;0;0;1.0;0;0;1.0;1.0;0;0;0;0;0
257685;1.29;0.82;41.0;3184.0;30.75;75.75;36.75;3.13;11.76;14.39;266.93;194.92;2.31;173366.0;40.0;41.0;38.0;4523.0;992.78;820.30;2.0;1.0;0;1.0;0;0;1.0;0;0;1.0;0;0;1.0;1.0;0;0;0;0;0
258182;1.17;0.81;41.0;3117.0;30.75;75.75;36.0;2.74;10.83;14.48;275.09;173.28;2.31;173366.0;40.0;41.0;38.0;4510.0;992.78;800.77;2.0;1.0;0;1.0;0;0;1.0;0;0;1.0;0;0;1.0;1.0;0;0;0;0;0
258721;1.10;0.79;40.0;3173.0;30.75;75.75;36.75;2.74;10.38;14.39;315.09;179.67;2.31;173366.0;40.0;40.0;38.0;4514.0;992.94;800.77;2.0;1.0;0;1.0;0;0;1.0;0;0;1.0;0;0;1.0;1.0;0;0;0;0;0
259218;0.93;0.77;40.0;3082.0;30.75;75.75;35.25;1.96;8.78;14.29;339.62;272.48;2.58;173366.0;40.0;40.0;38.0;4533.0;992.90;781.24;2.0;1.0;0;1.0;0;0;1.0;0;0;1.0;0;0;1.0;1.0;0;0;0;0;0
259784;0.69;1.00;37.0;2952.0;30.75;75.75;-30.0;0;0;14.29;352.43;313.71;2.58;173366.0;37.0;38.0;38.0;4533.0;992.86;0;2.0;1.0;0;1.0;0;0;1.0;0;0;1.0;0;0;1.0;1.0;0;0;0;0;0
260343;0.76;1.00;35.0;2755.0;30.75;75.75;-30.0;0;0;14.48;355.97;328.82;2.31;173366.0;36.0;36.0;38.0;4546.0;992.90;0;2.0;1.0;0;1.0;0;0;1.0;0;0;1.0;0;0;1.0;1.0;0;0;0;0;0
260905;2.31;1.00;33.0;2679.0;30.75;76.5;5.25;3.92;9.78;14.39;335.33;244.47;2.31;173366.0;33.0;34.0;38.0;4220.0;992.86;820.30;2.0;1.0;0;1.0;0;0;1.0;0;0;1.0;0;0;1.0;1.0;0;0;0;0;0
261410;2.11;1.00;33.0;2735.0;30.75;76.5;12.75;3.92;11.97;14.39;323.61;273.06;2.31;173366.0;33.0;33.0;38.0;4264.0;992.82;839.83;2.0;1.0;0;1.0;0;0;1.0;0;0;1.0;0;0;1.0;1.0;0;0;0;0;0
261966;1.92;0.97;33.0;2642.0;30.75;76.5;20.25;3.52;13.56;14.39;357.86;238.91;2.31;173366.0;34.0;34.0;38.0;4415.0;992.82;839.83;2.0;1.0;0;1.0;0;0;1.0;0;0;1.0;0;0;1.0;1.0;0;0;0;0;0
262501;1.50;0.95;33.0;2688.0;30.75;76.5;27.0;2.35;11.27;14.39;338.92;182.07;2.31;173366.0;34.0;34.0;38.0;4481.0;992.90;839.83;2.0;1.0;0;1.0;0;0;1.0;0;0;1.0;0;0;1.0;1.0;0;0;0;0;0
263023;1.32;0.94;33.0;2658.0;30.75;76.5;28.5;1.96;10.19;14.48;352.22;190.55;2.31;173366.0;34.0;34.0;38.0;4514.0;992.98;839.83;2.0;1.0;0;1.0;0;0;1.0;0;0;1.0;0;0;1.0;1.0;0;0;0;0;0
263521;0.76;1.00;32.0;2582.0;30.75;76.5;-30.0;0;0;14.29;343.06;174.48;2.58;173366.0;33.0;33.0;38.0;4525.0;992.90;97.65;2.0;1.0;0;1.0;0;0;1.0;0;0;1.0;0;0;1.0;1.0;0;0;0;0;0
264049;0.92;1.00;31.0;2457.0;30.75;76.5;12.0;0;10.33;14.39;280.17;177.23;2.31;173366.0;31.0;31.0;34.0;4219.0;993.09;0;2.0;1.0;0;1.0;0;0;1.0;0;0;1.0;0;0;1.0;1.0;0;0;0;0;0
264570;0.88;1.00;28.0;2299.0;30.75;76.5;14.25;0;10.37;14.39;211.39;153.89;2.31;173366.0;29.0;29.0;32.0;4355.0;993.13;0;2.0;1.0;0;1.0;0;0;1.0;0;0;1.0;0;0;1.0;1.0;0;0;0;0;0
265183;0.91;1.00;27.0;2191.0;30.75;76.5;12.75;0;10.35;14.39;243.48;187.56;2.31;173366.0;27.0;28.0;31.0;4467.0;993.17;0;2.0;1.0;0;1.0;0;0;1.0;0;0;1.0;0;0;1.0;1.0;0;0;0;0;0
265706;0.97;1.00;26.0;2043.0;30.75;76.5;12.75;0;10.30;14.39;274.66;233.73;2.31;173366.0;26.0;26.0;30.0;4510.0;993.09;0;2.0;1.0;0;1.0;0;0;1.0;0;0;1.0;0;0;1.0;1.0;0;0;0;0;0
266213;1.23;1.00;23.0;1903.0;30.75;77.25;12.0;0.39;10.28;14.48;282.48;221.39;2.31;173366.0;24.0;24.0;32.0;4514.0;993.02;19.53;2.0;1.0;0;1.0;0;0;1.0;0;0;1.0;0;0;1.0;1.0;0;0;0;0;0
266737;1.72;1.00;23.0;1910.0;30.75;77.25;14.25;1.56;11.19;14.39;211.95;171.49;2.31;173366.0;23.0;24.0;37.0;4515.0;992.94;820.30;2.0;1.0;0;1.0;0;0;1.0;0;0;1.0;0;0;1.0;1.0;0;0;0;0;0
267260;1.84;0.99;23.0;1797.0;30.75;77.25;14.25;1.96;12.20;14.48;139.03;112.45;2.31;173366.0;23.0;24.0;37.0;4519.0;992.94;839.83;2.0;1.0;0;1.0;0;0;1.0;0;0;1.0;0;0;1.0;1.0;0;0;0;0;0
267807;1.72;0.97;23.0;1927.0;30.75;77.25;16.5;1.96;11.82;14.48;91.16;77.70;2.31;173366.0;24.0;24.0;37.0;4504.0;992.98;820.30;2.0;1.0;0;1.0;0;0;1.0;0;0;1.0;0;0;1.0;1.0;0;0;0;0;0
268330;1.34;0.98;23.0;1320.0;30.75;77.25;14.25;0;10.46;14.48;79.87;69.13;2.31;173366.0;24.0;24.0;30.0;4467.0;992.98;820.30;2.0;1.0;0;1.0;0;0;1.0;0;0;1.0;0;0;1.0;1.0;0;0;0;0;0
268951;1.24;0.97;23.0;1485.0;30.75;77.25;13.5;0;10.25;14.39;69.13;137.76;2.31;173366.0;23.0;23.0;30.0;4516.0;992.98;820.30;2.0;1.0;0;1.0;0;0;1.0;0;0;1.0;0;0;1.0;1.0;0;0;0;0;0
269456;1.25;0.95;22.0;1470.0;30.75;77.25;12.75;0;10.29;14.39;57.34;131.37;2.31;173366.0;22.0;23.0;31.0;4526.0;993.13;761.70;2.0;1.0;0;1.0;0;0;1.0;0;0;1.0;0;0;1.0;1.0;0;0;0;0;0
269988;1.13;0.93;21.0;1542.0;30.75;77.25;12.75;0;10.29;14.48;54.56;123.35;2.31;173366.0;22.0;22.0;30.0;4509.0;993.17;742.17;2.0;1.0;0;1.0;0;0;1.0;0;0;1.0;0;0;1.0;1.0;0;0;0;0;0
270508;1.13;0.93;20.0;1523.0;30.75;77.25;12.75;0;10.20;14.48;95.56;165.65;2.31;173366.0;21.0;21.0;31.0;4498.0;993.25;0;2.0;1.0;0;1.0;0;0;1.0;0;0;1.0;0;0;1.0;1.0;0;0;0;0;0
271068;1.20;0.94;20.0;1496.0;30.75;77.25;12.75;0;10.22;14.48;178.77;142.02;2.31;173366.0;19.0;20.0;31.0;4514.0;993.13;19.53;2.0;1.0;0;1.0;0;0;1.0;0;0;1.0;0;0;1.0;1.0;0;0;0;0;0
271626;1.23;0.96;18.0;1474.0;30.75;77.25;12.75;0;10.21;14.48;209.20;152.93;2.31;173366.0;19.0;19.0;30.0;4507.0;993.02;39.06;2.0;1.0;0;1.0;0;0;1.0;0;0;1.0;0;0;1.0;1.0;0;0;0;0;0
272186;1.44;0.97;17.0;1285.0;30.75;77.25;15.0;0;10.48;14.39;202.70;199.36;2.31;173366.0;18.0;18.0;30.0;4491.0;993.05;429.68;2.0;1.0;0;1.0;0;0;1.0;0;0;1.0;0;0;1.0;1.0;0;0;0;0;0
272731;1.38;0.97;16.0;1326.0;30.75;77.25;12.0;0;10.07;14.39;205.24;234.26;2.31;173366.0;17.0;17.0;30.0;4502.0;993.09;703.11;2.0;1.0;0;1.0;0;0;1.0;0;0;1.0;0;0;1.0;1.0;0;0;0;0;0
273238;2.04;0.96;16.0;1365.0;30.75;77.25;8.25;1.56;12.15;14.39;228.09;228.09;2.31;173366.0;16.0;16.0;38.0;4553.0;993.13;742.17;2.0;1.0;0;1.0;0;0;1.0;0;0;1.0;0;0;1.0;1.0;0;0;0;0;0
273761;2.2;0.97;16.0;1565.0;30.75;77.25;12.0;2.35;14.34;14.48;210.08;212.27;2.31;173366.0;17.0;17.0;37.0;4560.0;993.17;781.24;2.0;1.0;0;1.0;0;0;1.0;0;0;1.0;0;0;1.0;1.0;0;0;0;0;0
274292;2.46;0.96;18.0;1544.0;30.75;77.25;13.5;3.13;16.83;14.39;145.26;146.76;2.31;173366.0;18.0;18.0;37.0;4514.0;993.29;820.30;2.0;1.0;0;1.0;0;0;1.0;0;0;1.0;0;0;1.0;1.0;0;0;0;0;0
274791;0.64;1.00;20.0;1707.0;30.75;78.0;13.5;0;10.73;14.48;100.40;96.24;2.31;173366.0;20.0;20.0;34.0;4496.0;993.48;800.77;2.0;1.0;0;1.0;0;0;1.0;0;0;1.0;0;0;1.0;1.0;0;0;0;0;0
275327;1.35;0.99;20.0;1289.0;30.75;78.0;14.25;0;10.42;14.48;91.45;101.59;2.31;173366.0;20.0;20.0;29.0;4466.0;993.48;781.24;2.0;1.0;0;1.0;0;0;1.0;0;0;1.0;0;0;1.0;1.0;0;0;0;0;0
275882;1.28;0.97;20.0;1345.0;30.75;78.0;12.0;0;9.99;14.39;70.22;74.01;2.31;173366.0;20.0;20.0;29.0;4505.0;993.56;781.24;2.0;1.0;0;1.0;0;0;1.0;0;0;1.0;0;0;1.0;1.0;0;0;0;0;0
276396;1.28;0.96;18.0;1355.0;30.75;78.0;12.0;0;9.98;14.58;56.65;57.80;2.31;173366.0;19.0;19.0;29.0;4514.0;993.72;703.11;2.0;1.0;0;1.0;0;0;1.0;0;0;1.0;0;0;1.0;1.0;0;0;0;0;0
276922;1.24;0.94;18.0;1358.0;30.75;78.0;12.0;0;9.98;14.39;43.49;42.10;2.31;173366.0;19.0;19.0;29.0;4511.0;993.80;195.31;2.0;1.0;0;1.0;0;0;1.0;0;0;1.0;0;0;1.0;1.0;0;0;0;0;0
277477;1.25;0.95;17.0;1347.0;30.75;78.0;12.0;0;9.97;14.48;31.65;32.53;2.31;173366.0;18.0;18.0;29.0;4499.0;993.84;19.53;2.0;1.0;0;1.0;0;0;1.0;0;0;1.0;0;0;1.0;1.0;0;0;0;0;0
278110;1.39;0.97;16.0;1217.0;30.75;78.0;20.25;0;11.15;14.48;22.49;26.44;2.31;173366.0;16.0;16.0;30.0;4504.0;993.84;19.53;2.0;1.0;0;1.0;0;0;1.0;0;0;1.0;0;0;1.0;1.0;0;0;0;0;0
278636;1.37;0.99;15.0;1261.0;30.75;78.0;16.5;0;10.72;14.39;27.57;53.10;2.31;173366.0;16.0;16.0;30.0;4519.0;993.80;19.53;2.0;1.0;0;1.0;0;0;1.0;0;0;1.0;0;0;1.0;1.0;0;0;0;0;0
279166;1.48;1.01;13.0;1284.0;30.75;78.0;14.25;0;10.45;14.48;33.22;65.65;2.31;173366.0;14.0;14.0;30.0;4513.0;993.80;58.59;1.0;1.0;0;1.0;0;0;1.0;0;0;1.0;0;0;1.0;1.0;0;0;0;0;0
279717;1.50;1.01;11.0;1284.0;30.75;78.0;13.5;0;10.32;14.39;56.28;89.87;2.31;173366.0;12.0;12.0;30.0;4512.0;993.80;781.24;1.0;1.0;0;1.0;0;0;1.0;0;0;1.0;0;0;1.0;1.0;0;0;0;0;0
280236;1.52;1.00;8.0;1248.0;30.75;78.0;17.25;0;10.85;14.48;74.54;115.10;2.31;173366.0;9.0;9.0;30.0;4506.0;993.84;781.24;1.0;1.0;0;1.0;0;0;1.0;0;0;1.0;0;0;1.0;1.0;0;0;0;0;0
280758;1.38;0.98;7.0;1246.0;30.75;78.0;18.0;0;11.01;14.39;95.77;111.41;2.31;173366.0;8.0;8.0;30.0;4504.0;993.87;234.37;1.0;1.0;0;1.0;0;0;1.0;0;0;1.0;0;0;1.0;1.0;0;0;0;0;0
281316;1.53;0.99;5.0;1231.0;30.75;78.0;20.25;0;11.28;14.39;86.24;100.38;2.31;173366.0;6.0;6.0;30.0;4498.0;993.91;58.59;1.0;1.0;0;1.0;0;0;1.0;0;0;1.0;0;0;1.0;1.0;0;0;0;0;0
281830;1.44;1.01;0;1245.0;30.75;78.0;19.5;0;11.21;14.29;128.07;100.55;2.58;173366.0;0;0;31.0;4509.0;993.87;156.24;1.0;1.0;0;1.0;0;0;1.0;0;0;1.0;0;0;1.0;1.0;0;0;0;0;0
282352;1.48;1.01;0;1258.0;30.75;78.0;17.25;0;11.03;14.48;192.39;137.43;2.31;173366.0;0;0;32.0;4513.0;993.91;800.77;1.0;1.0;0;1.0;0;0;1.0;0;0;1.0;0;0;1.0;1.0;0;0;0;0;0
282948;1.38;0.99;0;1281.0;30.75;78.0;15.0;0;10.70;14.39;172.54;118.29;2.31;173366.0;0;0;31.0;4518.0;993.95;781.24;1.0;1.0;0;1.0;0;0;1.0;0;0;1.0;0;0;1.0;1.0;0;0;0;0;0
283503;1.50;0.98;0;1280.0;30.75;78.0;15.75;0;10.88;14.39;140.55;98.47;2.31;173366.0;0;0;32.0;4502.0;993.87;624.99;1.0;1.0;0;1.0;0;0;1.0;0;0;1.0;0;0;1.0;1.0;0;0;0;0;0
284076;1.54;0.98;0;1289.0;30.75;78.0;15.0;0;10.86;14.29;97.14;79.11;2.58;173366.0;0;0;33.0;4515.0;993.91;58.59;1.0;1.0;0;1.0;0;0;1.0;0;0;1.0;0;0;1.0;1.0;0;0;0;0;0
284610;1.50;0.99;0;1277.0;30.75;78.0;16.5;0;11.17;14.48;70.77;62.04;2.31;173366.0;0;0;33.0;4504.0;993.87;683.58;1.0;1.0;0;1.0;0;0;1.0;0;0;1.0;0;0;1.0;1.0;0;0;0;0;0
